confused	0;1410;4994;3332;3461;4997;904;1289;1672;1928;4988;3341;6676;1813;5013;2970;3738;5658;2080;2081;3105;6438;3367;4264;4916;309;4661;6072;7097;1083;6715;3903;1089;2625;323;3142;6728;841;3530;5838;6228;2006;860;5084;1761;7529;7275;5996;6263;3192;7162;4092;3965;6526;5503
models	0;3970;5251;645;7046;2572;7437;4239;3472;1169;3092;661;2839;3993;3738;2082;2594;5927;6055;5163;5039;1457;1841;3637;4149;6269;568;5817;5818;6837;3132;6971;6653;6595;6085;595;1747;6869;7511;1240;475;484;4964;2535;7015;6770;6517;7029;3704;6137;4859;3325;2686
bonnevilles	0;172
heard	0;3;4106;2063;2068;26;4122;28;29;4132;37;4143;4148;4158;81;6234;102;103;2151;107;6257;2165;4214;122;4224;2178;6277;140;4240;156;4252;161;4261;166;169;170;6314;2225;4273;6329;2246;6353;4310;220;6369;4323;4334;2293;6389;2316;6413;6419;277;2325;4387;292;4393;4395;302;2350;4399;6458;315;4412;6470;4426;6484;4442;6495;355;362;4460;365;6510;6513;374;4470;6521;386;6535;6536;4492;2445;406;416;418;2477;6576;4530;6583;440;2494;4548;6600;2507;4560;6616;475;478;2526;6624;6626;4579;2536;6632;2541;4591;2546;507;6653;510;6657;2575;533;4636;549;6734;4690;596;2645;6744;612;2666;4721;6776;2683;639;2693;649;651;654;2711;2721;4776;692;6840;6870;2775;735;6881;4838;2796;4853;6903;4857;4861;6919;6924;791;2840;4893;798;2847;2852;2857;6957;6981;6983;2896;6993;850;2906;2908;4962;7013;874;875;2924;4970;2937;4995;904;7062;2968;2970;7088;950;2999;5071;981;3034;3035;5083;999;7145;3051;3059;7162;5117;1030;3079;7176;5129;7180;3089;1051;5152;5154;7202;7208;5163;3117;7213;5167;7215;1079;3128;7233;5193;3146;3149;5198;5217;3176;5226;7276;7280;7289;1155;5257;5262;1169;7320;3225;5283;1188;5284;1212;3267;7370;7373;1232;5330;7386;3317;5369;7421;3330;3348;1303;1308;3362;1315;1331;1332;1333;1339;7504;3411;7507;3420;7517;3422;7523;3432;5482;5484;5485;1409;1410;5505;5507;5510;3472;1434;3485;1454;3506;1460;3508;3511;1468;5564;3526;1485;3536;3538;1501;1502;5603;5607;5609;3563;3570;3578;5630;3588;5639;1545;5643;3596;1549;3600;1558;5658;3612;5664;5665;3627;1585;5697;5700;5705;5708;5727;1646;3695;3704;5753;1665;3714;1672;1674;1676;5776;5790;3748;1702;3812;5860;1793;3846;1803;1811;1814;1822;1823;3872;5923;3877;1834;5945;5954;3907;3913;3914;1872;5981;1897;3945;1909;6015;3978;1938;1942;6050;1955;6055;6060;6072;4036;1989;6093;6096;4050;6105;4063;6113;2019;2021;2035;6137;6142;4095
le	0;7363;6213;807;2760;5338;6270;6376;527;2959;7474;1814;6136;825;3770;5308;1694;5567
lse	0
sse	0
ssei	0
differences	0;2817;1925;1030;3850;267;1549;2573;4624;6802;3860;4757;4884;4122;4893;1694;416;2081;6433;2214;5929;6321;6067;568;7484;6082;1092;2628;4550;6470;3529;7370;4299;464;4177;722;3283;726;2518;1241;731;6877;3296;1893;4198;2924;3181;1390;7281;1652;7029;3574
features	0;1030;6668;3090;1046;2070;6688;2593;2594;1571;6183;5673;2611;2101;3645;1086;7229;70;4696;2145;4705;7271;6248;4725;634;635;1147;7308;656;657;1169;6801;6295;3738;5274;1718;3776;7370;6355;5851;3296;740;2795;4336;763;7423;3843;3860;6934;1817;4893;6433;6946;5934;6964;1333;4406;6455;7478;6470;4935;328;3919;5457;6481;3925;1367;3994;5536;2471;5036;2993;6072;7099;1986;7116;975;5083;7134;491;1007;4592;7153;6647;6136;6137
performance	0;1046;2585;2594;5154;6183;2604;4655;5169;53;2106;5178;7229;1086;2627;1092;1096;4683;85;4181;5207;1628;1119;97;4199;6248;1130;5739;1132;2675;6774;631;6776;7296;4737;1668;6797;143;1169;658;6295;1688;3226;4764;3741;5789;2207;685;176;187;2238;6849;4820;2262;3286;6877;1760;1763;3304;747;2795;750;758;2296;7419;5375;3853;1807;4371;3860;1815;2337;3874;2339;3875;6433;4903;3368;1333;7478;6455;5945;315;6470;6473;7499;844;4438;1881;5980;5983;1893;2919;2411;876;7023;5493;4477;1929;915;6557;5536;2981;5541;4533;1477;4039;5066;7119;3539;1493;7128;2529;2025;3561;3568;6136;6137;511
curious	0;4994;6021;1030;1672;7305;4619;3472;2068;2965;7317;5913;1565;4893;4383;7200;5800;2857;3881;3755;1837;1326;7215;306;5814;3514;1342;3647;3520;706;1858;4290;1351;5449;74;3787;3149;4175;5457;3283;5716;1622;474;347;6234;4957;7003;6623;3173;358;4592;5617;627;3703;121;253;3582
book	0;1539;6660;5;2054;3078;3592;5641;6149;6666;3596;7180;4110;5136;1555;2579;533;3604;6164;6679;4635;5151;4129;2595;5668;5158;2091;4141;6701;4143;5168;561;5680;3636;53;6712;571;6206;2623;6209;2626;6218;2635;3149;4174;6737;1619;2645;3157;4693;4696;5209;1626;6741;6238;1127;2154;7274;3181;1649;3700;118;2170;1147;635;7294;4736;5764;134;5257;1163;652;2189;6284;6800;1169;1682;660;4244;6805;1687;152;665;2202;1179;3226;2717;1694;3740;4766;5281;3746;4260;2727;3239;3751;4776;6824;6828;7342;1711;7344;177;2225;4785;3252;4788;5298;2231;1720;2233;3770;4281;7161;4799;1218;7162;1220;2756;1224;2249;5834;3787;716;6349;718;4815;1744;2769;4306;1235;3283;5845;6862;1751;7376;1241;1753;5337;4319;3296;4329;746;3306;6378;6380;1262;7404;7405;241;1265;2802;1268;6388;7412;4344;3838;7425;5893;3335;778;3338;6922;4880;1812;3348;2838;1815;2839;3862;4889;5399;5914;6422;7448;7454;6433;1314;6945;6951;5929;5932;7468;5935;816;2865;3892;1333;1849;3899;7487;2368;6470;5959;3400;5961;5450;4939;3404;3917;2382;847;4428;2385;6986;6993;7496;2392;2904;346;5977;7497;3422;4450;4968;3946;2924;884;1396;2934;1917;1407;7042;5510;6534;904;4488;1931;5515;1936;1427;3475;7060;2970;923;2972;1951;416;417;4003;4517;4520;6569;6058;4526;1968;1458;1459;4531;5045;6581;440;4538;6076;6590;7102;6592;962;451;6598;3527;5066;7116;3533;4559;7120;3538;979;6610;2006;6110;1504;3040;994;4064;1509;1515;1005;1007;3567;7153;1010;3572;5620;4088;6137;6138;5115;2046;4095
prefereably	0
model	0;5641;2059;3087;18;3092;538;2586;34;2594;5154;2597;565;7222;1081;7229;1086;1090;67;2627;584;1103;4175;5714;1109;1114;4699;2153;4715;111;3184;1147;1659;635;2686;6779;7299;645;4741;5253;648;143;4239;1169;5270;5783;6295;6137;3745;6308;168;681;2217;177;7345;3770;5818;194;4302;5841;1747;4820;6875;4829;3296;4837;3815;235;751;5359;3314;6390;5880;1789;1282;4356;3847;1800;4359;3851;3341;6930;7453;2337;7461;5927;5417;1841;4916;1333;6455;7479;5433;3388;3393;322;5445;6983;2898;5984;354;6504;3434;7029;3970;3971;4998;4494;3474;4498;4512;417;4514;5538;4014;5039;1969;2993;3505;4533;5049;3005;3007;961;456;4046;976;2513;6098;5075;7125;2011;1506;4578;2535;2027;6130;6136;2553;7162;1534;5631
demand	0;6658;7043;6024;1808;6290;5013;5016;4127;4399;6195;2359;2499;2116;2374;6215;331;2251;3150;3663;1362;468;2645;1881;989;3935;4831;994;7397;7402;2545;6136;2937
time	0;2049;5;2054;4101;8;4105;4107;14;2063;6159;18;6163;2068;6164;22;2070;24;4120;26;4121;4122;31;6175;33;34;2081;36;4132;4134;2088;2089;4137;48;2097;50;2100;2101;2102;4149;4153;58;6203;60;4157;2110;6204;4162;2117;2118;4167;72;6218;4173;4175;4176;4177;2130;2132;85;2138;2139;92;2141;4186;4187;96;2145;4190;4195;4196;6238;6245;2151;6253;112;4212;6260;6261;2167;124;6269;2175;2177;6273;4227;4228;134;135;4232;4235;140;4236;4238;6283;6285;6288;6289;4245;4246;2199;4248;6295;6298;156;4254;6302;4256;161;2209;6308;2214;2215;168;169;6311;6314;177;2225;4274;4275;4277;6325;2231;4281;4283;6331;6334;192;4290;6338;2246;4295;2249;205;6349;207;4304;2257;211;212;2259;6355;6356;6358;217;218;4315;2268;6362;229;2277;4329;6377;6378;6380;6381;4334;241;4337;243;6387;2293;6389;4343;248;2297;250;6390;6396;253;6401;4357;6407;267;4363;272;6419;2325;6426;4379;284;4383;6433;2338;4389;297;2346;299;6443;301;2349;4399;306;308;310;6454;2360;2362;6459;4412;4415;321;2370;4421;326;6470;328;329;4428;4429;2383;2386;4435;2389;343;344;2391;6488;347;348;6494;6497;354;2404;357;358;4453;4454;4460;6509;4462;4463;6510;369;6511;6515;4471;6526;2431;4480;385;387;4484;6531;2438;391;6534;6536;2444;6540;4494;6543;4496;4503;408;4509;2463;416;4515;420;4516;6566;6568;426;2476;4526;4528;433;6576;436;2484;4533;6580;442;2492;6590;4544;2497;2498;6592;452;4548;4549;4550;6596;6602;2507;2509;6606;464;2512;467;471;4568;2521;6615;2524;6620;478;479;4576;481;4578;6621;484;2532;2533;4582;2536;4585;6631;4587;4588;2542;2543;2545;499;6643;6645;503;2551;4599;2554;4603;6649;6651;6652;511;2559;6653;6658;6660;2565;2566;6665;2573;527;528;4625;6672;6673;533;6678;6681;2588;4638;2593;546;4642;6691;553;2601;2603;2604;2605;558;6701;6704;6707;567;2616;6712;4669;2623;6722;2627;2631;2632;6727;587;2635;589;2638;6734;4688;2641;594;4690;4691;597;2645;599;4696;6742;2651;6752;610;6754;2667;6763;622;623;6766;6767;626;2674;2675;4722;4724;2679;634;639;6784;641;4738;643;644;645;6787;6791;4748;653;654;6797;6800;2705;4756;666;4763;6812;4765;672;2724;2725;678;6824;4778;2732;4780;4786;692;4790;695;696;4793;6840;4795;6846;2751;4800;6849;6850;2755;4803;2758;711;712;2760;2763;2764;4816;4818;2772;726;2774;6871;2778;2781;4830;4831;6877;6881;4834;4836;4838;2791;2794;6891;750;4850;2809;6905;763;765;4861;767;4863;2818;4866;2820;773;6916;6917;776;2831;4880;2833;4881;6927;790;6935;2840;793;6938;795;2844;4893;2847;6944;801;4899;804;807;4904;6954;2862;815;816;2865;818;4911;2868;6960;824;825;2872;827;4920;6971;4929;834;4930;836;2886;2887;841;4941;847;6991;2897;2898;852;854;2905;858;860;2908;7005;2912;2916;7014;871;4970;2923;2924;877;7029;7030;7031;888;889;2937;2938;4987;7035;7036;2945;4994;899;4996;4997;4998;7042;904;5000;5002;5003;7043;7055;5009;2962;7059;5013;918;2968;7064;2970;2972;925;926;927;2975;5020;930;931;7074;7079;937;2987;2993;949;7094;3001;7097;5051;3004;3005;5053;7099;960;7100;7105;5061;966;7112;5066;971;7117;975;5071;7119;980;5076;5079;989;990;3037;7139;996;5095;3050;3053;3055;5104;3058;3059;3062;3063;3064;1017;1018;7162;3068;5116;1023;3071;1025;5123;1029;1030;5126;5128;7177;7178;7180;1043;3093;1046;5142;1048;7192;3098;5147;3101;7198;5151;5153;5154;5158;3111;5160;5161;3114;1067;5163;5164;5166;5167;7207;3121;3122;7213;7219;1077;3127;5177;1085;1086;3133;5182;1089;5186;7229;1092;7230;7232;7237;7243;7245;7248;7249;1106;7253;7254;3159;1116;7260;1119;5216;7266;1123;3171;5223;1128;3176;7272;7273;7276;3183;7279;3185;1140;3190;1146;1147;1148;1150;7294;1152;7298;7300;5253;5255;1160;5258;1166;5263;1169;7315;5271;1177;5274;1184;5280;3234;5285;1190;1191;3239;3241;5286;7335;1200;3248;1202;3249;7344;1208;7353;5307;5309;3262;7357;7359;1217;7362;1220;1221;3270;1224;5322;7370;7373;7375;3281;5329;3283;3286;3287;5334;5338;5339;1245;3294;1247;5343;3299;3301;7397;1255;1256;7398;5354;7404;3309;3311;5359;7407;3316;1272;5371;1276;3325;7419;7421;1282;1283;7432;1289;5386;1291;1292;5389;7437;3345;7442;1300;1301;5399;1304;7449;7452;3358;7454;7457;7460;1321;1322;3370;7466;7470;7474;1331;1333;5429;7478;3389;3391;7488;3393;1346;1347;1348;3394;7491;7494;7496;5449;7500;7502;1360;1361;7505;7506;3414;1367;5462;3417;7510;7515;3420;7517;1374;3422;7522;5477;7526;1386;3434;5483;5491;5496;5497;3451;5499;1407;1410;5509;1414;1415;1422;1423;3472;5523;5527;5536;1444;7208;1451;3502;1455;1456;3505;5557;1463;5559;5562;1468;3517;5566;5567;1476;3524;5572;5577;1483;5579;3533;1486;1488;1489;5585;5586;5588;5589;5590;3546;3548;3552;3557;3558;5607;3560;1513;3561;1515;3563;5612;3569;5620;3573;5622;3576;5624;3578;1531;5629;3584;5632;3586;5634;5635;5639;3596;3598;1560;3609;5658;3614;1570;5667;5668;5673;3626;5675;1580;5676;3632;3634;3637;1590;1591;5692;5694;1599;3649;5700;3654;5705;3658;1611;1612;5708;5711;3665;5714;1619;5716;3669;1622;3670;3671;1626;5729;1637;5733;5735;1640;3688;1645;5742;5745;1655;5751;3707;1660;5755;1662;5757;1664;1665;3714;1669;1670;5765;1672;5769;3723;3724;1678;3728;1689;1692;1694;5791;1702;1704;1705;5801;3758;5806;3760;1716;5813;5818;3781;3785;3786;5833;3788;1743;5839;3793;3796;5844;1751;3800;5850;5851;5853;1760;1764;3812;5860;1767;3816;1769;3825;1778;3828;5876;3831;1789;3837;3838;5886;3841;3842;5889;5893;3847;3849;3850;1804;3853;3854;5901;1809;1810;5905;1812;1813;5907;1815;5910;1818;5914;5919;1824;1825;3872;3881;3882;1836;1838;1839;5935;1842;5945;3899;3900;5951;5954;1859;3910;3911;1868;3917;1870;3919;5965;3924;5975;5980;1885;3933;5981;3940;3944;1901;3949;5997;3954;6002;3956;6005;1912;6015;3968;6022;3976;3977;1930;6024;6029;1937;6035;1949;4003;6059;6062;6063;6066;6068;1973;4022;6071;1978;1979;4026;1981;1982;4031;1985;1994;1995;1996;4044;6091;4050;2004;2008;4060;6116;6120;2025;4075;2029;2030;6126;4080;6130;6131;6136;6137;6139;4092;4093;2046
midspring	0
summer	0;4608;3205;5641;3338;4496;1169;1809;6288;661;662;1815;416;1184;2336;3756;7468;2225;1973;2997;4022;5049;2491;3004;6590;3392;1217;2372;70;2246;7370;2763;3533;6350;847;7121;6610;1619;2389;4693;5335;7511;5086;484;7397;6376;3434;2924;6508;3695;1264;4336;626;5491;5871;2549;6644;6138
familiar	1;4737;5;5510;904;267;5259;3341;2064;6931;5397;2970;4122;5914;6045;1566;2974;416;1185;4896;6433;6183;7342;5808;5426;7220;4022;312;5818;6203;7229;1086;6975;834;2246;3274;3402;716;5322;2767;5328;2645;5718;7130;605;6237;1633;4834;2151;6634;2795;1645;3565;4337;6390;3967
format	1;7172;1030;4615;4105;3594;2065;3090;531;20;5137;1046;4121;1563;7195;5151;4647;1066;4657;6709;1086;3134;3655;7247;3666;1622;4696;7262;5216;2145;1124;5732;4711;1640;7273;1130;6251;2160;117;1147;2690;4228;4746;1169;3221;6295;6305;1186;1698;1189;4263;3753;7337;3756;5822;6847;1219;708;5315;2759;4296;3794;3796;1242;4837;1263;6902;1274;1276;5373;4870;267;7443;3349;1817;2330;4893;6433;2340;5416;816;3890;1333;3895;1857;5445;5449;7498;4428;6487;1375;354;1895;376;3453;1409;5509;913;1433;7065;3483;4008;4530;6580;2998;3000;953;1980;3524;6600;2506;6099;3029;6618;5601;2019;484;1513;2538;4079;4085;6136;6137;6651;2559
xface	1;1513
thingies	1;5362;1999
folks	1;3;2053;6665;2058;2571;6163;6164;535;5655;25;5658;2091;5163;562;7219;567;6199;60;6207;5186;2118;3146;3658;4177;7249;4182;3167;4193;1636;3685;7274;3180;2673;627;5749;2683;4742;3207;5773;6288;4245;4763;5797;176;2225;2231;184;1730;7362;3271;6858;6350;3793;3283;726;1247;4837;6895;2294;3831;7414;6905;1787;6914;6917;3848;6924;5389;5392;6931;1812;1813;278;3874;5923;1316;2340;809;2859;302;2350;2865;3380;5944;2363;2880;3393;4428;5967;2392;4441;6488;4443;7517;2402;5481;875;2924;5486;2953;5523;2970;2975;1456;949;6072;2490;3002;1984;5580;4046;1999;5071;2513;5585;6616;5081;2011;7131;5086;3047;6120;1513;5104;3570;3064
headers	1;6238;3270;267;4973;7153;4533;6137;2554;4798
dpgview	1
linux	1;1543;1046;2582;30;2593;6313;1580;1581;4396;5549;446;4169;3146;4300;2513;3153;5207;4701;6238;2145;1513;6647;5369;6266;2685
box	1;2054;4616;6666;2059;16;3089;2578;4113;4628;6160;1046;4118;24;6164;3613;6174;543;2080;4642;2595;7205;6695;6186;3630;3119;5167;5170;565;1590;1592;3640;6715;1086;6213;4682;7245;1620;2134;1112;1624;3672;2655;2663;7273;1130;3178;1135;7279;113;1649;5749;6262;641;4226;5761;6797;5775;145;1169;1683;660;4245;6294;153;1692;6137;5790;2209;4259;5285;1702;5288;7345;6325;1718;4793;4799;3776;6335;4295;3273;2763;5323;4816;721;210;5841;5843;216;2267;3296;1761;4323;1255;4327;6892;7410;1268;2805;6388;7416;6393;252;7423;2816;5893;262;1288;3851;6927;4880;792;2846;5923;810;5418;6445;4911;7472;5937;819;1843;1333;310;3892;1849;3386;5439;4416;4418;4428;4429;1363;2388;1877;7515;5980;7005;6497;2404;7526;3945;7530;5483;4983;5504;6529;3970;1419;914;1938;2970;3994;2974;5536;417;6048;6569;426;7081;6062;1459;5043;4533;3510;5557;5559;3005;4029;2495;2498;5060;5061;6597;6092;977;2524;4576;1505;994;6624;3048;3049;6633;491;6642;6644;2041;7162
displays	1;4611;5;1030;3341;4495;1169;7191;5400;1817;7065;4893;4127;6433;5157;1581;6449;7217;6595;6470;7370;4428;1108;247;6238;2145;873;3956;117;2935;632;6137;3453
uncompressed	1;3329;4964;1030;4008;1513;267;1333;6133;2071;4893;4287
xfaces	1;2065
managed	1;2177;1669;7;5770;1549;7309;1424;2325;4248;6425;2970;6680;1692;2205;5151;4256;6433;5672;426;5549;3634;1590;4281;5435;6849;2118;5577;1611;2763;6349;3406;847;464;5966;2261;2905;2395;7260;5597;354;3555;998;1255;2408;3947;4587;6258;4980;5237;3704;2809;6138;3324
compile	1;262;1030;1031;657;1169;5909;1046;4893;6433;6178;3875;2212;6647;426;1333;1590;700;7356;2248;719;3663;5840;3922;5587;6741;6108;3962;3167;6238;1636;1255;748;1654;2678;6136;6137;2170
uncompface	1
anyones	416;1;5667;6723;326;3911;7430;4009;266;3914;5929;5357;1902;6510;432;4112;2643;3189;3639;1241
news	1;4105;2058;5642;6666;20;533;6678;4120;3609;5146;5658;1564;6683;5151;1056;5664;1066;2091;3626;4141;4650;4143;48;3121;4653;6186;6196;3643;1084;3644;4669;1087;4160;6715;6218;3663;3665;1106;3667;5714;7253;2135;2647;4696;4189;4701;6238;7264;2657;2146;7265;5226;6251;5742;6257;3187;2166;4214;1657;1147;1665;5114;5251;2692;5253;2695;5256;1674;3216;1169;4240;6290;6299;670;1694;3744;4769;4258;4772;1702;1706;6314;5808;5809;7351;5818;4795;5310;191;6849;4290;4803;2246;2760;2763;7374;5330;6869;4822;5334;218;5338;4316;6881;4324;4331;4332;750;3311;3831;3834;254;1793;4353;2824;4361;3850;272;1809;1810;1811;1812;791;4379;6427;6433;4387;6437;1831;1320;2346;811;6957;2350;4399;3380;310;822;2359;825;1849;2360;2875;3384;4412;4931;5958;6470;330;4428;7505;2391;1880;5465;5978;859;860;348;6487;7002;7515;3432;5482;3436;5997;4463;880;1394;6006;1912;3455;4993;7046;4488;6025;2954;2444;5016;3484;927;416;5030;5032;2473;946;1461;4022;4533;7093;1980;7105;1475;4549;1479;2503;5579;2508;2509;4047;5071;7126;6618;4062;3039;6111;996;2025;6638;2545;7153;6644;7158;5624;6137;1018;3581
send	1;1030;520;4105;1034;3596;5645;5646;6159;5648;17;6163;20;6164;1046;3608;28;4638;2593;2595;2088;6187;4141;565;2102;4662;5687;2105;2618;2619;1086;4682;4683;5196;7246;3663;4176;5199;5714;595;6224;6227;1622;3671;2648;4696;90;1626;7251;4190;6238;2145;1637;3685;616;4200;7273;5741;4722;1139;4724;5749;7291;4221;6270;1663;6784;5250;1155;5252;134;2696;7306;652;2188;1678;4239;3728;1169;5263;3219;2196;3733;6797;663;1687;2711;2714;5274;1692;5783;6295;3231;3232;4258;1704;1706;1195;6314;4274;4791;4283;7161;2750;5310;5822;193;1730;195;5827;6335;2246;6858;2763;6349;5328;7376;6866;2771;212;2260;3286;5331;216;4825;218;3803;5844;733;1758;5855;6368;7396;4327;6356;1263;4336;1777;2289;1267;4337;6388;6895;3831;1787;251;3324;2816;6912;2818;4866;6914;261;3338;267;3851;7435;1808;3345;2326;3352;6937;282;7448;2845;4893;5921;6433;1831;5418;1838;2350;816;5423;4404;1333;6965;2872;1849;5434;2369;3393;6977;4420;6470;3401;4939;4428;337;1873;7505;7508;3925;1367;5977;7515;860;1885;7005;351;863;3935;1890;4964;7015;1899;3437;5486;6509;7021;2934;1401;4990;2433;1410;6529;6532;7044;2438;904;2954;1420;7057;7059;1943;922;2970;1951;2470;3494;6566;4013;7087;944;6576;3509;7099;6594;5571;5060;1991;7316;3533;1487;1488;5073;6097;982;3036;5085;2529;994;1508;2533;4068;6631;4585;6122;1005;3565;2543;1521;1522;7153;6644;3063;6137;3578;6651;6655
header	1;1030;267;6797;1169;6295;4893;3874;1831;684;3376;5808;6835;1333;3004;6847;4428;6866;6618;1513;875;3436;6895;758;6136;6137;4603;2557
swamped	1;3838
handle	1;1030;3090;2583;7191;28;2594;2091;5676;4146;3127;5692;1086;4167;2128;1124;6246;1131;2667;113;1665;2178;5768;1169;7317;2201;7322;155;164;6311;2225;6835;5812;3253;186;7161;1743;3280;1242;734;6881;3817;6896;2294;2808;1272;6915;6916;7443;276;6932;1309;4893;6433;808;1333;5446;4428;4952;1884;3433;1401;380;6015;5506;2970;925;2974;1442;4002;2468;2981;5552;6065;6068;3000;3514;4540;1469;967;6602;4043;3539;7124;4576;1509;998;5108;6137;3578
hope	1;1018;2563;5635;1030;4615;5640;5129;5641;6665;1548;3596;7180;530;1555;3602;533;6162;7189;2585;3609;6684;1056;4129;546;36;548;1062;7208;5163;4141;3119;4659;2612;6196;6709;567;569;5689;59;4155;6203;62;7229;5184;6721;6722;7236;6725;587;5707;7247;6736;5714;595;1620;6743;3672;4696;5209;2139;6746;6238;1632;4705;5728;1123;6240;1637;1127;2663;6761;7274;6763;2668;1133;2673;2674;5234;1652;2166;4603;4727;6778;1147;6780;1665;131;3206;1672;2186;3723;1678;5262;6288;2195;663;2712;3225;1690;6810;7319;6814;672;1184;5280;5793;4772;1701;2726;3244;5804;2225;4786;692;3765;2231;2233;3770;4281;5817;6331;3776;6849;3778;6338;7362;1221;2758;1223;4807;7367;1227;204;6861;7374;3279;1232;3281;4816;5328;6353;1242;2268;3293;1249;229;7397;2791;6376;1262;4334;4338;6392;249;2299;3324;3837;4862;5887;2816;5889;2818;1283;3851;7437;5902;3857;1810;1812;3860;2838;7445;6425;3354;7451;4893;7455;1824;4896;2341;5415;3368;6955;3372;7469;1328;2352;6450;4915;309;3387;1342;5954;4422;6470;4426;5451;2382;1361;3922;3414;2904;4440;5977;7517;4451;868;1382;7527;361;1901;4974;2415;4466;6516;7028;4470;4471;6523;892;3965;4990;1919;7038;386;1414;391;904;2438;5003;2444;2445;3469;4494;3984;913;6036;5013;4505;2970;6557;932;2475;2988;5036;4526;5549;1968;1461;438;4533;7094;3001;2490;5049;3516;4031;6079;5060;3526;4039;1992;4047;464;5071;3538;7121;3028;7122;2521;5593;5597;5086;4575;1504;3040;4580;2534;2536;6632;7148;2547;5108;6131;6646;3063;2552;5113;2042;1531;6654;3583
word	5120;2;6147;7;3591;4105;6666;3596;7180;3091;1045;2070;3093;6678;6170;6175;6687;7333;1062;1063;40;6184;7208;3637;3639;569;58;1086;5697;3149;5711;6224;3665;7247;595;1620;2645;5715;4696;2139;4089;6238;1635;2154;5227;5230;3185;5745;5237;6262;635;3198;1663;1664;6786;5252;5765;5256;3731;7316;6293;1686;6294;1692;6137;5790;4256;5283;5284;6309;2214;6823;7332;5801;3754;6314;172;2220;6826;3759;5808;7344;2226;1203;692;6325;1207;2231;6846;6847;6849;1221;3781;2760;2249;7374;6352;4818;6355;2261;2773;5338;5851;1247;1761;2788;1253;2790;3812;746;1258;7404;6894;752;7412;250;251;763;4349;6909;7419;768;7423;1282;4867;3332;4868;2312;2825;6922;267;780;3851;5900;5903;4880;5905;1813;3862;5397;5909;6935;2330;1307;2847;3872;4383;4386;6433;1316;2340;3368;4904;5932;4397;816;817;6472;3380;3893;6965;2359;1849;1850;4923;4412;5947;6970;1343;1344;3393;3903;2371;4929;2374;5446;2888;841;3914;6470;4428;4429;334;3407;3919;5965;2386;1875;2389;3414;4442;1885;3422;7498;1888;354;1890;4964;2920;4968;5482;3435;3947;882;4980;2422;4983;3961;6525;6526;2943;4994;1925;6534;1415;904;6024;2954;3468;6029;2959;3472;2452;5013;3995;5022;1956;6566;2983;5032;6058;945;3507;4533;6581;4535;953;954;3002;3008;6080;3523;6595;4549;5062;7111;1482;5066;5583;5587;7124;6614;2521;4060;3037;4575;994;4070;2536;4586;1515;2539;7150;496;3056;3569;3570;3573;2041;1020
attacking	3586;3;4868;6288;7058;6933;5654;1559;3483;2341;4776;5676;3502;4398;4405;1981;7235;197;2246;2374;6088;847;981;2671;6000;3313;5874;5364;4089;3837
iraqis	6592;3;1768;5901;2064;5465;5087
drive	3;2051;4104;2060;4117;2071;4121;4122;4124;33;6185;50;4166;6224;4181;89;2138;2149;104;6251;4215;121;4221;6269;4228;2184;4232;6280;143;2193;6295;164;6311;169;2217;173;174;2221;2238;4287;6345;4299;6349;4303;2273;6383;4371;2324;4373;6420;2327;2329;2342;297;6442;6445;312;4410;4411;2365;4413;6462;2376;2377;2378;6474;6479;354;364;4462;4466;6514;6517;392;2440;397;2446;2449;2450;404;408;4511;6565;4521;2474;6572;2482;4530;4542;4545;6602;6608;473;2529;483;484;4582;6631;4594;4604;6656;2561;6666;6674;6680;543;4641;4642;2602;2603;2605;4655;6707;6713;575;578;2628;4679;4682;587;2636;6732;6733;6734;6736;4695;6758;2686;4741;2694;2700;2704;660;661;6815;4769;6818;679;6824;6826;2734;688;6837;2743;4792;2772;726;4831;2795;6902;4855;762;779;2827;785;4893;6941;2849;6947;2853;2856;4912;2874;2887;846;856;4954;7005;7023;7029;2936;2937;891;7049;7064;2970;7075;7081;2991;5043;3005;5057;976;5075;7124;5080;5081;3038;994;7148;7153;3063;5118;5119;1023;1030;5129;3085;3089;5137;7195;7198;1055;3110;1067;5172;3127;1082;5178;1086;1087;7245;3150;5201;7252;3169;1128;7276;3185;1140;7287;1145;7289;3196;7295;5255;5262;1169;7314;5274;5285;1195;1212;7359;1221;3279;1236;3294;1249;3304;1258;1262;7411;5375;7426;7461;1319;5417;7465;1333;1334;5430;7478;1337;5434;7479;5436;1344;3393;7495;5449;5459;7510;5469;3434;5487;5493;3446;1404;1410;5506;5509;3487;1440;5535;5536;1455;3510;5564;1469;1492;1506;1529;3578;5631;5669;1577;5676;5692;5695;5700;3666;3671;1624;1652;1657;1659;5755;5768;3740;3742;3751;1708;1710;1715;3769;1743;1745;3802;3805;1761;5857;1765;5871;1779;5875;3837;3842;3847;1800;5897;5903;1815;5915;5934;5945;1857;5969;1876;1885;1894;3956;6007;6015;3987;3997;1954;6054;4013;6084;2022;6124;6129;4085;6133;6136;6137
kuwait	6592;3;675;5253;847;2878;4241;6290;4470;5465;316;1342;1663
country	3;4099;2068;533;2070;3093;5654;4122;7197;5150;5665;3626;5676;6701;5166;5168;5682;6199;2617;571;2620;2113;5185;6722;6734;7246;5712;4690;596;6740;2139;3164;3679;1634;105;7274;6252;6766;7280;2674;7285;2169;3216;1169;6288;6290;2202;6810;6812;7322;159;161;1188;1702;4271;2225;1203;692;4790;3259;4288;2246;2249;5322;2763;4818;3283;2773;2268;4831;6376;5354;235;6378;1777;1778;2293;2809;763;2824;3853;5389;1811;1813;2843;1309;3872;1316;807;2856;7474;309;3893;3894;1849;1342;6464;7491;7493;3406;847;337;5465;3420;7518;7015;3947;365;4462;881;6003;7029;377;4987;894;385;1921;7042;1925;4488;3978;5523;6547;5542;6066;4022;959;7105;5570;1994;2508;2509;3533;4046;464;6606;3538;7120;469;6110;2016;993;2020;2033;2545;3569;6644;1014;4089;3578;6141
citizens	3;5893;6022;5640;5129;2442;4235;2444;6159;272;1169;1681;6419;1813;22;5914;3612;7197;1694;4383;2720;5662;4898;6943;1444;1828;5288;5162;3884;4140;4270;3504;2225;6321;1844;4022;825;3129;1979;5182;1856;3649;5056;6592;326;2374;6988;717;7246;4816;2386;4946;4947;2645;86;1751;2135;3926;5209;475;2268;5982;4831;3327;869;2918;5483;1517;3569;2674;6003;2292;2293;3060;3831;4468;3961;3578;4603;7414;2175
close	3;1030;2568;5641;6152;4107;7180;527;3087;6672;6175;7199;2593;2086;5159;7213;4148;5176;57;4154;1084;6208;4163;80;4177;4688;1619;5714;4696;2139;3164;4705;2154;6251;3184;6262;2679;1657;4731;6273;6274;1668;5257;140;4748;6797;655;6801;6290;5789;5283;681;5801;690;5818;4283;7357;5824;6849;2246;2760;7368;7370;2763;1229;208;4311;5338;220;6881;1253;1254;4327;4839;7397;2795;7404;4847;3831;4343;6904;6905;763;3837;2301;769;4867;2820;4359;3848;266;3341;3853;4365;1808;6419;7443;1815;2328;5401;1818;3354;4893;2847;4383;4895;805;2342;4904;2861;3886;4399;1328;3376;1331;1333;822;315;7484;7486;832;321;835;4931;4428;333;2908;7518;6497;2916;7527;5483;2924;7021;2931;4467;5494;4986;385;1410;5506;2948;1415;4494;3472;3474;915;5526;2457;2970;6042;5020;6559;6048;2467;7081;5556;4533;4022;7097;5562;5563;3004;4550;5066;2509;5585;467;5082;7131;479;2021;4582;2545;3569;4593;6137;7162;5116
blood	3;3596;6670;533;4122;2589;2078;5151;4129;2091;5676;5680;3121;4148;4661;587;4688;2131;2146;1123;6246;1127;4731;1147;1160;1165;6290;5784;1694;7333;2214;1703;3751;3759;2231;4298;6349;725;2785;1262;243;2293;6901;6395;763;3837;2301;4357;3338;5914;3872;5414;2856;7468;2861;4918;3896;1849;3414;857;6502;7015;4970;1410;1925;393;2958;2970;6059;432;6068;3515;1983;448;7107;1991;5066;7120;6610;7139;996;2021;2025;2537;4585
business	2049;3;1543;6666;3085;7184;3091;1058;2602;2091;3117;4143;5168;2609;2617;4154;5708;6224;2135;1626;92;2674;118;1143;4218;6780;5757;6784;4232;1184;161;2214;5288;1711;2225;4791;190;2758;5831;2763;6861;6350;1231;3280;6353;3283;3285;2774;1751;5336;4831;3298;229;7397;747;4336;1268;3831;6391;5370;1787;266;2828;3853;4366;1808;1810;2323;6933;3862;6934;1304;3865;4377;4891;5923;6950;1322;4399;6964;1333;6965;5446;6470;3914;843;3920;860;1885;5480;4974;884;373;891;4992;385;3458;7043;1929;2965;1944;5016;923;412;4516;1957;3493;5542;5032;5034;4022;1984;2004;6101;1497;3039;1504;5089;5090;5603;6629;1517;2551
ties	1216;5280;3;7397;5450;6267;3856;4337;6290;2771;4022;5975;6937;763
saudi	5050;6592;3;5253;5001;5322;1549;847;4241;2418;1491;6290;469;6006;6583;5465;3066
helped	1664;1410;3;4357;1415;3596;6159;6290;1815;2970;796;36;2725;5286;7335;4137;5930;692;4533;4022;7480;2489;1721;3259;4923;3133;5818;6458;7370;6348;975;7247;3669;2904;4696;5209;6104;7515;6109;4831;7295;2529;3940;7272;5484;6127;2545;3569;3698;4849;4855;3578;6396;1789;4095
swallowed	7529;6034;3
arabia	5050;6592;3;5253;5001;5322;1549;847;4241;2418;1491;6290;469;6006;6583;5465;3066
eastern	3;5764;1925;902;5643;4492;4496;4884;4248;5788;1438;3616;6816;1955;2980;40;1704;2732;5676;3502;7468;2225;6840;827;1084;2623;2751;6849;706;7360;4421;587;204;1357;1742;847;5324;3026;1619;1875;5338;4453;3431;1773;1262;3056;2545;2809;6138;763;3837
oilfields	3;1663
muslim	6658;3;3459;517;1925;4357;3464;4996;5001;5639;4492;4989;6024;6534;22;5142;6425;2970;1307;3101;1438;161;3617;675;3235;5157;2214;1831;2856;3113;3628;5676;3502;7468;945;4914;2355;2996;1461;4148;3255;6840;4538;827;6077;3646;6592;5313;5954;1347;2116;6653;2246;7109;587;464;7120;1619;2131;3159;5209;2140;3810;5474;2021;6660;615;3175;3837;1773;1262;4589;2545;2674;3569;5361;7283;7412;503;6138;2813;2046;639
liberate	6592;3;1964;5465;3578;5182;1663
protect	1664;7298;3;2949;5253;4232;905;266;1548;3596;6159;1936;5880;403;1813;920;3224;2970;4251;5914;5151;1444;421;2214;2216;1323;5166;2225;1458;692;567;2233;3129;1086;1983;2757;2246;3914;4684;1489;4831;7010;3301;3947;6763;4718;2032;6644;3573;4470;4599;3064;6393;3578
masses	6400;3;6159;2581;4505;1818;6939;2214;555;4399;2738;7220;3637;2233;1850;7370;5714;3283;7380;1259;5483;7031;7162
demonstrating	3;5253;5320;4297;2383;4436;2170
favor	3;1030;5242;5129;7177;780;3472;3984;6162;3860;2199;4893;4383;5151;5153;1059;2170;1831;4774;41;553;2225;438;4411;6845;1989;6597;3658;2507;5322;6734;847;2397;861;6623;3555;4067;5987;4210;6003;1142;6905;2298;7295
butcher	7098;3;3431;4201;5327;4881;1619;2106;827
saddam	2720;6592;3;5465;5640;847;4241;1491;6101;2614;3831;6229;1849
killed	2560;3;5635;6149;4107;7188;3093;2070;5142;4122;5658;4134;3628;5676;4143;3124;5684;7220;567;3648;587;6734;5209;1115;608;5223;6252;4210;4728;1657;5242;1665;5256;1674;140;5773;5263;7312;7314;666;678;2225;1203;692;5813;3254;6840;1724;6849;3781;2246;6857;5322;2763;6348;6349;6860;3283;5338;5851;7393;7397;5364;5367;3837;7422;2305;5377;4357;6412;4365;5390;1812;1814;3354;1828;2856;306;4914;822;5954;1347;326;6471;328;2383;3408;2386;3414;5465;347;7515;6502;3448;7040;1410;3459;4996;2446;6548;5017;2970;3502;1981;6592;1987;5572;2507;2033;2545;6644;501;5111;3578;2046
lotsa	1577;3;1989;7143
muslims	6658;3;1539;517;6660;5639;4619;22;5142;5157;3113;3628;561;2106;1084;7234;587;3159;5209;608;4731;639;5263;161;675;2214;1705;7339;2225;3255;6840;2234;7360;2246;1229;1247;2276;1773;5361;6909;3837;2813;4868;4357;6929;1813;6425;1307;3358;1831;7468;4914;2355;827;4923;5954;1347;1357;5465;3936;5474;3431;7015;2418;4470;6006;1913;3464;3466;7058;918;1438;940;945;2996;1461;6592;1478;464;7120;3026;469;3560;7151;2545;3569;503;4601;6138;4605;2046
killing	4993;1410;3;4357;2950;5127;3464;905;5242;4363;3852;2957;1681;7058;5779;6548;3093;2070;7188;2970;3354;4122;4766;6943;5793;2343;1320;2856;3626;5676;559;5167;2225;4914;1203;6840;4025;5716;1467;3646;5182;1730;1347;7109;326;2246;6857;6858;6478;5711;3408;2514;2131;4051;469;3414;4439;4440;4565;4950;5338;3932;1757;3165;4830;4831;5465;5851;5097;1773;6129;2293;3831;3192;3066;4731;6396;6525
raping	5361;4435;3
looting	2856;571;3;5676
rich	6145;3;4867;5764;1160;3466;2827;4107;6922;4880;1169;6135;1046;4889;4896;5665;2856;5676;816;2225;1333;4791;3003;6592;4929;3911;5066;4428;6476;596;3414;4696;2405;7397;1640;4201;1130;7274;7150;1519;4463;1141;6646;2551;1147
thumbing	3
nose	3;132;4613;6279;5260;7180;654;4756;2725;6831;6321;4148;6203;3784;5707;5965;2254;2646;3159;2913;3298;1125;2021;2669;763;382
west	3;6918;3338;3466;1549;1169;7153;6136;5788;1181;1694;3869;6137;3617;546;2595;1060;5923;2214;3494;1064;3626;3371;5166;3504;6834;2355;2996;7346;4022;2937;6592;4546;2244;2246;2758;5576;5961;7367;2763;204;4428;7370;4816;81;212;7253;3030;983;2135;4696;5465;348;5087;7137;4194;7396;5606;6889;746;6379;5484;4601;7277;2545;2674;3187;500;1781;1782;3569;3064;2809;4470;5878;5244;6388
defended	3;5256;5465;1804;750;1711;3283;85;1849;2970;1981
rolled	7298;3;4292;5958;2249;6061;7342;5465;3099;1469
iraqi	3;6361;3498;5322;847;4241;6290;6548;6229;5465;316;1663
invasion	6592;2305;994;3;1763;1125;4419;808;1224;6376;587;1262;6290;1619;2003;7091;1814;5016;5465;1663
charge	5632;7169;3;3596;6163;5140;6165;536;1051;2588;34;6182;553;561;4148;1086;6719;6216;7246;6226;86;2134;1626;4196;4601;5744;5749;3702;1147;2685;1672;4238;657;1169;3731;4780;1715;6843;2239;1217;2246;1223;4299;2764;3283;728;6881;4336;2802;7418;5377;5381;6917;7430;2313;3340;4876;4883;6419;1813;5398;798;3884;816;1333;1849;5951;7488;5446;4428;7500;846;7507;857;5465;860;5473;5481;6002;7030;383;2950;2962;7066;5034;2475;6580;4022;1981;5061;4550;5065;6098;3027;3039;482;994;2021;6629;3567;3569;3570;6644;2550;2552;6137;7162
idea	512;1024;1026;3;1539;3589;4097;5125;5128;5129;1034;5642;1548;5643;3600;1042;1555;4122;1564;2590;4639;6176;4129;6691;4132;6694;6695;3626;559;5167;6707;7219;3125;4150;567;7220;2106;3642;5179;5693;1086;6715;5701;6727;5193;3658;76;4684;5711;3664;4176;5714;4179;596;2645;600;3672;1114;1626;1628;3162;3673;4696;96;2144;2145;3169;5724;2149;6238;4199;6243;6248;2154;7267;5742;5745;2674;5746;6257;117;6258;3704;2681;635;1664;1153;1665;4224;6274;7301;134;5255;6278;6279;3723;4240;6288;6290;4244;5271;7324;6815;675;677;166;3749;2728;6314;1198;2735;177;1714;2225;5813;1207;3768;6328;6846;6849;7162;2246;1223;4807;5320;6145;4299;3279;5328;2257;4818;212;3285;5334;6148;4825;7065;2784;3296;3809;1763;6368;6881;6377;747;237;238;7406;2289;4850;6905;1275;2300;3837;4348;4861;7419;4865;1282;2306;1284;2818;4866;1799;3847;6406;266;7426;3854;3856;4368;4884;1814;1815;280;4377;1306;3866;4891;5398;2334;4383;7447;6433;7449;1316;1829;5928;5932;4405;2359;824;2876;6972;1342;6464;3393;5954;7489;6470;6983;329;2892;4428;7500;3408;2386;4946;340;1876;2388;2389;4440;1881;4442;3932;4956;6495;2400;1893;1894;3942;4453;4965;5483;7531;1389;4978;7029;6521;6010;891;4987;1917;6013;6526;4992;385;7041;1923;1928;7048;397;6029;911;4496;1430;2968;1433;2970;1435;5531;3485;926;415;2975;3489;4000;4509;4512;5532;6049;1960;5034;1451;4012;1967;5039;1969;1458;4531;4533;6581;3001;3002;4538;4540;6591;1984;5056;5568;4036;5577;6603;6092;4047;4560;5071;468;2006;6618;2524;3548;2526;3039;5596;993;994;3555;4067;4577;5090;2535;1512;2030;7425;5104;2545;3060;3572;3573;5622;3578;6139;4093;4094
governments	3458;3;5634;5893;902;6914;2444;527;1808;1814;2327;5914;923;4383;6138;4772;2856;5676;5166;4399;2225;4660;3893;2614;567;2617;58;3259;6969;6334;7416;1347;2116;2758;5322;2639;6353;5083;2268;3420;6882;1763;357;5483;1517;6766;3569;4724;2293;3573;1655;5878;2809;3578;6006;2046;2943
official	2050;3;6658;1030;6159;7184;6164;3093;2595;6186;5676;49;3121;571;1086;580;7239;587;1619;4696;110;626;2676;4731;5257;7309;6290;660;6296;6810;3740;1694;4258;1705;5811;6840;7360;6849;708;2246;2763;6861;3281;728;3301;1773;1262;1777;2801;6897;6388;3837;6910;3338;3852;1812;1813;4893;6433;1831;2856;5426;1849;832;1345;5954;2373;4428;1357;847;3942;883;2937;896;4996;5509;5001;3476;919;2972;1438;1449;5033;4022;1984;6592;2500;3045;4581;2030;3569;6137;6138;1017
religion	3;6147;517;6149;6660;14;1040;4625;6162;2068;3093;22;2070;3606;6164;6679;4635;1054;4132;5157;40;552;4652;561;4145;7220;5173;3649;5193;3662;4175;5711;6735;6226;3672;3673;7261;5731;5222;2668;1133;2670;3696;7283;3716;1672;5264;1686;4758;6297;6812;1699;1188;3749;7335;3241;5801;2731;1711;6321;1203;692;6328;2233;3772;4284;3262;2751;6845;6337;7162;1223;1225;1229;7374;4815;4818;219;5851;7389;3294;1252;3812;1256;5354;1771;236;4335;6896;1282;2818;4363;2318;5912;3872;7459;5412;1831;6952;2857;1837;6448;2359;827;4923;5954;1347;3911;328;4434;1364;2901;4439;3932;2398;863;5474;6502;3947;365;368;5496;3961;4986;1920;1925;5001;6026;3472;918;1436;6050;420;4009;6057;433;945;6580;4538;6077;448;464;984;2014;6111;4064;6112;994;4581;6117;3054;3569;3573;503;6138;4605
facto	3;553;2607;5199;2225;5264;1333;3286;5465;2427
jure	3
human	3;1030;5128;5129;7180;6670;7186;533;2070;6679;7190;5658;5661;3614;5151;4129;1058;4132;2614;2617;3641;1086;3646;3648;3649;2116;7236;3144;6735;2645;6741;3672;4696;7261;6238;6751;5731;103;5223;2154;6763;2669;4718;6766;5745;2674;4212;1147;1664;1155;5253;1671;3208;4235;6288;1169;6800;4243;4757;4248;6137;1694;2718;675;3749;3239;5288;6314;3755;2225;692;1716;1208;3768;186;3773;6846;6337;4803;7364;2760;7370;2763;6349;6353;2258;2259;3283;1237;7377;5338;3296;7397;1256;6888;6380;1778;5876;2807;4343;2809;763;6396;1790;5888;7425;2818;5893;4358;6407;7442;4884;1306;4893;3358;1831;300;7470;1333;3893;3896;1849;1342;6464;4929;5954;1861;326;4421;5446;843;4428;5452;856;1881;347;860;4453;7015;361;5482;3435;3947;4974;4470;6006;2937;4986;3451;4989;2943;4992;1410;4482;7042;1925;7046;904;7048;6543;3472;4496;6035;2965;5013;2970;4507;1436;3485;6042;6043;6050;2982;937;2988;6068;4022;5050;6075;3518;4543;6590;6592;4546;451;455;5066;3533;3534;6610;6101;2008;2009;2521;3546;989;6111;3040;993;6113;996;4070;6120;2025;6126;2545;3569;7153;3573;6135;6136;2553;3578;1531;7165;2559
nature	6145;3;3596;6162;2070;3096;4635;3614;5151;3617;4129;6177;4132;2597;6183;6190;4146;3648;5711;2645;3669;2135;7261;7274;623;5745;2674;5234;635;1157;5253;650;651;5264;4243;4757;665;1690;1694;6304;5284;2728;6314;2225;692;3255;6840;7357;6846;704;7162;7364;2249;7370;2258;4818;725;4830;6881;3811;5348;6377;1778;5876;7421;3838;3327;1281;7425;5387;3347;1813;280;6433;4399;4412;6464;833;7488;1861;4421;5446;5448;5959;847;5456;7505;4434;4951;5463;5468;3422;357;365;2937;4986;377;4989;5507;904;5005;2968;6043;1951;416;7074;4003;937;3498;6573;4533;4539;6075;3518;451;3523;6101;4055;2521;3546;5603;2535;2025;1007;3056;3573;3578;4092;5117;2559
ambitious	4696;3
pious	3;4060
rise	512;3;4998;1675;3596;3723;6159;2070;1831;2988;3628;6013;2226;692;4022;5047;1849;1596;6846;1608;2249;7370;587;2763;973;334;2773;5589;7511;347;5474;4325;234;7404;1262;1521;6138;3837
power	3;4099;4107;2061;2064;34;2083;4135;6183;4167;2129;2134;4187;6238;112;6258;4214;6270;6271;6272;4229;2183;6280;143;6288;4247;6301;4262;6314;2221;2225;4275;6325;184;4292;2245;4302;6353;220;4322;6370;229;6376;236;6383;2292;252;4349;6396;6398;6403;6419;4373;2328;6425;4383;4384;4399;2358;4411;4412;6470;2376;4426;6474;346;362;4461;4462;370;379;6524;6527;6528;2434;6548;416;417;428;6576;448;6592;2498;4550;4551;6610;468;2529;489;491;2545;4593;6646;2565;6666;6669;527;2594;4642;549;561;6713;6719;6727;6737;4693;4696;6754;2673;2674;6778;639;4736;4737;4742;4748;6801;4757;4758;6818;675;4773;2726;681;6827;4780;2735;4788;2744;6840;4800;2763;716;6860;4816;2769;4820;734;2782;740;6888;2795;750;2809;4864;2818;6920;2827;6927;6929;4883;792;801;2855;2856;6951;6952;811;825;2876;833;834;846;847;6995;4948;2909;2917;2924;2928;4978;4992;4996;903;904;928;7076;934;2988;5044;962;5061;969;5066;7119;5080;3035;5083;990;5090;5091;5102;1007;5113;1017;7165;5117;3079;3087;5147;7202;3110;7208;3116;5165;5172;3129;1090;1100;1101;3150;5209;7273;3179;5238;7299;7307;1169;5267;5270;3229;5280;5283;5284;3237;7335;3255;3260;1213;7360;3270;1223;5320;7370;3324;3329;7426;1286;7430;3338;5388;7437;7445;7454;7457;1316;7462;1333;1341;7487;1350;3398;5446;1357;1363;1364;3414;7510;7515;3434;5483;7530;3440;5491;3444;5507;5515;5530;1438;3488;1441;5536;1444;1459;5558;5573;1507;5619;3573;3578;5629;3600;3606;3614;3623;5676;1595;1605;3665;5714;3671;5722;1638;1645;3723;1677;1678;3735;1690;1697;1715;3769;1725;3781;1751;5854;1769;1773;3837;5893;3847;5897;3851;1807;1809;3858;5905;3861;1815;1817;1818;3870;5918;3874;1835;1841;3893;1849;5949;5952;5954;3911;5960;1868;3916;1892;3956;1925;1930;6030;1942;1952;6053;4012;1966;4014;4022;4024;4031;1984;6101;2007;2008;2009;6103;4064;6112;6118;6137
people	2049;6145;3;6147;5;6148;4107;6155;2063;6159;2068;6164;22;2070;4122;4123;29;6174;6175;2081;2083;36;4132;4134;40;6186;2091;44;4143;48;49;4145;6192;4148;53;4150;6195;57;4153;6203;2109;2110;6207;64;4163;2116;6218;4175;6226;2131;6229;2139;2140;2141;6238;4197;4198;104;6251;6252;4206;6258;2164;4212;120;2172;126;4224;6272;2178;131;134;2182;6279;6282;6283;140;6284;6288;2193;2194;4241;4243;4245;2198;6293;4248;6295;6297;4251;156;157;4252;161;6309;2214;2216;6314;6140;4271;177;178;2225;6325;2231;6328;2233;6331;4284;190;193;6337;196;2246;2247;6342;201;4297;6349;4305;2259;6358;2265;218;4313;2268;2271;4319;4320;6367;227;6369;6373;6376;4329;4331;6380;238;243;2292;2293;2294;6391;6396;2301;254;4349;4357;2312;266;4363;4365;272;6419;4376;6426;6430;4383;2336;6433;4386;292;2343;6439;6442;300;302;2350;4399;306;2355;4404;313;2363;316;6465;6467;326;6470;329;2378;4427;4428;6473;334;2383;336;2385;2386;4433;4436;2389;6484;343;2392;4439;4440;347;348;4442;350;351;4443;6494;4450;357;358;2408;361;365;4462;2415;4463;6510;6516;2421;2422;4470;6520;6521;6525;382;4480;2433;2434;387;4484;6534;6537;2444;4492;6543;4496;401;6548;407;4503;4509;6559;416;2464;418;4515;420;2469;6566;4520;6569;6573;4526;6580;4533;438;4535;6581;2489;442;6587;446;2494;448;2496;6591;6592;4548;4549;6595;2507;2514;4562;468;469;4568;2521;6620;4574;4576;2529;485;6629;2536;4585;2538;4586;6632;2545;6644;2551;2552;4600;4602;4603;4605;6654;2559;4607;513;6658;6660;2565;6665;6666;6672;2579;4628;533;534;544;6688;548;4644;4646;6694;552;553;554;2600;6695;6699;559;2607;561;6703;6705;6707;2614;567;2616;2617;571;4668;573;2627;6725;6727;587;2636;590;2639;6736;594;6739;596;2644;2645;599;600;2649;6741;2651;6746;606;6751;4705;6754;2659;612;4707;4710;6763;2669;2670;623;2671;4721;2674;6767;4724;6771;4728;633;6777;636;2688;6784;6791;2701;6801;4757;6805;2711;2713;4762;6809;6812;672;2720;4772;2725;678;6820;2731;692;4791;6840;697;4795;2748;4796;6843;6845;6846;6849;706;4803;4804;6851;2758;4807;2760;2763;2764;2765;2766;4818;2773;2774;4822;4825;734;4830;4831;6881;4836;741;6884;6885;746;747;2794;4842;750;4846;6894;2801;6896;6901;2807;762;763;2811;4859;4865;2818;6914;4868;4869;6917;775;2824;4875;2829;782;2830;4881;6933;790;6935;2840;4888;4890;6938;4893;6942;4895;4896;801;6943;6944;808;2856;2857;4904;6952;6959;816;2866;822;824;2872;6969;4923;832;4929;2886;6983;2891;844;4939;4940;847;848;4942;4946;2902;4951;2904;2905;7002;2907;860;2915;2916;7015;2922;2923;2924;2925;4972;4974;4977;882;883;7027;4985;890;891;2943;4992;7043;4996;2951;904;905;2953;5003;7050;5005;2958;911;7051;2962;7058;2965;918;5013;2968;7062;2970;923;925;7074;5030;5032;2985;7088;946;2997;5045;2999;5047;953;954;3001;3002;7097;959;960;7103;964;7110;7111;5066;3022;5071;7119;981;3033;3035;3037;5085;5087;994;7139;997;998;7142;7144;1001;1002;7148;5105;7153;3059;3060;1014;3062;1016;3064;5117;7165;1024;1025;1026;7173;1030;5127;1032;5128;5129;7174;7177;7180;1040;7185;3091;5140;1046;5142;1051;3101;1054;5151;1056;5153;1058;1059;3108;5157;7197;1063;7202;5161;7208;5163;3116;5164;3118;3119;5165;3121;5166;5168;3124;5173;7213;7220;1081;3129;7225;1084;1086;5186;7235;7236;7239;5193;7241;3147;3149;7245;1103;7247;1109;1110;3159;1115;3164;3165;5213;1119;5215;5217;7263;1123;5222;3175;1128;3177;5223;7272;7274;1133;5234;5235;7283;1141;3190;5242;1147;5243;3198;7296;7298;5253;1161;7307;5261;7309;1167;3215;1169;5271;3224;5272;7320;5284;3237;3239;1197;3247;7344;1202;1203;5300;7347;3254;3255;1208;1210;1212;7357;3262;7359;7362;7363;7364;5317;1223;7367;5322;7370;5324;7374;3280;3281;5329;3283;5332;7377;5338;1244;1246;1247;5343;3299;1252;1253;5347;7397;7398;3308;7404;1262;5359;3312;7406;1268;3322;5370;7422;3327;5377;1282;3333;7430;1289;1292;3341;3342;5389;5392;7443;1304;1306;1307;3354;7450;3361;1314;1315;5411;5412;7457;1320;1322;7468;1328;5431;5436;1341;3391;3392;3393;7487;1347;5444;7491;1350;5446;5449;5451;3406;3407;3408;7505;1362;1365;3414;1367;5462;5463;3418;5465;3420;5468;3422;7517;1378;5474;3429;3431;7529;5483;3437;5485;5489;3448;5496;5499;1410;3459;5509;1416;5513;3467;1424;3472;3480;1438;3486;5534;5538;1444;3493;5545;1451;5547;3502;3504;1458;5554;1461;3509;3510;5558;5560;1467;3518;1475;3523;3527;1481;1483;5583;3536;1489;1491;3543;1498;5594;1501;5598;1504;5603;1512;1518;3569;3570;5617;3573;5622;5624;3578;1531;1532;3579;1534;3581;3582;3584;3586;3587;5634;1543;5639;1545;1546;5640;3596;5641;3598;5642;5644;3606;1559;5654;5657;3610;5658;3613;3614;5664;5665;5667;1572;5673;3626;3627;3628;5676;5678;3632;5680;1586;5684;1589;1590;1591;3637;3642;1595;3646;1599;3648;1601;1604;1606;3654;1608;3658;5708;5709;1614;5711;5716;3670;3673;1626;5722;5726;1631;3679;1633;3681;3684;3685;5733;1639;3689;5738;5739;3695;3696;1649;1652;5748;5751;1657;5757;1662;1663;1664;1665;3713;5758;5759;1672;3724;5773;1679;1686;3737;3738;5788;1694;3745;1699;3749;5800;3754;3755;3756;1711;5808;3769;5818;1724;3773;3775;5823;5824;5825;1732;3781;1735;3783;3785;3788;5838;3791;1753;3802;3803;5851;5853;1761;1762;1763;3812;3816;5870;3824;1778;5876;5880;1787;3837;1790;5886;3841;5893;1804;3856;5904;1811;1812;1813;1814;3860;5912;1818;5914;5916;3870;1823;3872;5918;3874;5923;1828;1829;3876;1831;3884;1839;5935;3889;1843;1844;3893;5939;1847;1849;3897;1851;3899;5947;5951;1857;5954;3908;1861;5958;3911;3914;1868;3917;5967;1872;3923;3924;5977;3932;1892;3940;3942;3947;3948;1901;3949;5995;5996;6000;6003;3957;6006;1912;3961;1920;1925;3973;6022;1928;6024;3978;6026;6028;3984;6033;6035;1942;6040;3994;3995;1949;6050;4006;4009;4010;6058;6059;6062;4022;1975;6070;6072;1979;6075;1981;6077;1984;4039;6087;4041;6090;1995;4044;1998;4050;4051;2004;6101;2006;2008;2009;6104;4067;6115;2021;4070;6120;4075;4077;6126;2033;6132;4086;6137;6138;6139;4092;2046;6143
leader	1793;5634;3;7428;3464;5643;3596;4881;6419;1812;1175;3224;2214;807;3113;6314;5164;4398;4399;2225;7474;3124;5429;4022;58;3259;3900;6849;5572;2246;76;5837;3283;3414;7005;1246;481;484;6376;2924;1773;5874;7029;1147;3964;763
devout	3;5639;3529;1553;4343
slick	3;6279;6383;4342;890
operator	3;709;3978;4428;3632;1169;980;1333;919;863
sound	3;5641;4619;3596;7180;3603;7194;28;6692;3626;1067;5676;2607;3119;5170;52;1081;1086;4162;6214;1608;6216;1614;2130;1109;1622;3669;4186;4187;3166;1119;6238;2145;6754;613;1641;2158;4718;3696;625;2673;5237;7288;3197;6787;644;3204;7299;2702;1169;4245;3739;6137;6814;5791;4260;6308;4777;5296;2225;3766;3773;6849;4803;5315;1221;2247;713;2763;6348;5840;5330;6870;6878;2785;4323;3812;3305;2795;2294;2295;759;2809;3831;7415;6396;7423;6400;6916;2824;266;2830;271;2323;7445;278;1814;1815;3862;5401;5917;4383;3874;1320;7466;299;6443;6957;818;7478;3897;1850;2874;5945;6969;6464;836;2884;2886;841;3914;6985;1360;3408;4434;5462;4951;7513;3945;1899;369;6515;1917;6016;4484;389;3461;903;1419;2963;6548;7064;2970;6045;417;3498;1456;6576;946;2995;4024;3514;5562;4031;961;4546;4549;6092;7119;2512;2521;474;3033;3551;1504;2529;3040;5087;4584;6120;3565;2033;6642;3573;1529;3578;6651;5631
guys	6657;3;2565;3596;7180;7182;6159;533;5154;5668;558;5173;4665;4154;3646;1599;5695;2114;4166;7238;1098;6218;4685;7245;7249;594;1113;6238;6760;106;5230;115;2167;1143;2687;7296;2185;5782;4257;4780;6320;6329;3772;7362;6346;2763;2766;7380;6871;3293;6881;5860;2792;757;3324;5377;2820;2312;6409;6413;1812;7444;2838;1815;286;808;4906;3380;2876;2370;3914;2383;1372;1373;861;7008;1891;5485;3440;4979;2940;7038;1414;7050;395;2959;6036;1429;4503;1432;5017;2970;417;6050;421;1974;6584;5051;1985;7117;2002;4564;5590;983;471;5079;2010;2016;6121;491;1529
angels	3968;6145;3;1414;4742;904;6282;3723;1679;275;3731;280;1690;5280;1060;2604;3759;6581;1849;7103;5576;2249;6993;2645;3414;6113;103;7150;500;503;4349;4607
ilyess	5465;3
clarinet	4353;3;2758;7423
posting	3;1030;5639;5641;3084;4122;7194;6173;31;4132;6181;2091;3121;5681;4662;2619;1596;1086;2628;5700;1606;5708;3663;7248;2645;1622;3671;4198;1128;2674;2681;2170;6265;3712;1665;5249;5252;1161;4236;6797;6288;1169;3218;1699;2724;2725;1190;2728;4776;4268;6649;6328;7352;5818;1211;191;2753;6349;2774;3803;6366;5343;3811;746;6391;7425;4868;2313;274;6934;1815;4893;1823;4383;4385;1826;5407;6433;6435;1831;3368;4903;300;4398;1333;2360;4409;5944;6459;6467;6470;6987;4428;7505;3411;2391;3422;1375;5472;5475;7523;1381;4966;874;2924;365;877;2935;3965;382;1919;896;6532;5509;5000;5016;2463;416;5536;1965;4528;6580;1461;4533;4538;2492;3517;5058;2499;1988;6084;7110;3025;469;4565;6614;473;2521;3550;2025;2026;5100;1519;3059;4595;6132;4598;6137;4603
edited	4865;1410;3;20;1812;5530;2970;6137;7326;6433;5929;3502;1969;1086;6218;204;4428;4430;4557;3283;1241;2529;1124;2041;5115
stuff	2049;3;3078;9;523;7182;2575;4112;2577;6159;6162;2068;533;2069;2581;4177;4630;5146;5652;4636;6164;3615;5151;2593;6177;35;551;6183;4649;5161;2091;44;6701;7214;3119;5167;561;5168;1075;1587;4659;5171;57;4693;3133;4669;1087;6717;6720;578;4165;5702;7036;7245;2129;2130;595;2132;1621;1110;1622;3153;3671;1626;2651;1116;3162;2654;3167;6233;2145;1125;1637;4198;2152;6763;4206;1654;4726;1656;5240;1147;4221;7295;4736;4226;5252;3206;7302;4232;1677;3726;1169;6803;4756;4757;3742;4769;7331;676;7335;5800;682;687;176;5297;6319;3251;6835;2232;3257;698;700;7161;6847;3776;5824;7362;1221;2253;3279;5328;4308;2261;6359;1753;219;7167;2781;3296;4833;5345;4323;6881;2280;3308;6892;5358;6391;3833;5882;4859;1276;7424;1282;6916;261;2822;1289;266;2313;3338;3851;3342;4361;6412;5905;4882;7445;6934;1304;3865;6428;2847;4895;6433;5923;4901;808;5416;5417;6952;7466;2350;3886;2865;4403;1333;5429;4411;316;6459;1342;6974;3393;6977;2886;3910;4934;6470;1868;3917;4428;5967;7505;4434;7507;2392;4441;346;858;2907;2908;7005;7517;869;1382;2917;874;5994;7530;2415;2416;369;371;1907;3444;7030;6522;3964;1917;2942;2431;4992;1921;3458;4995;5507;3461;1414;1416;395;1419;5515;5517;2964;6036;1430;1431;4503;925;1437;5534;2976;418;1955;2468;1960;1961;1962;2987;5036;1966;1968;3506;4019;949;4533;6587;6592;962;6084;1477;6598;971;1995;2507;3021;5071;464;6610;1493;4056;5080;1498;1503;6111;2531;7143;3049;4585;1517;7150;497;3057;6642;7154;2551;6137;2559
fridays	4409;3
york	3;5642;5654;5151;3617;1060;6186;3628;4148;2106;1084;587;2135;4696;2137;2146;1123;3685;7273;3178;1649;3704;1147;124;5253;6288;1169;4248;2202;1694;4766;1185;2214;6828;6830;7346;4788;3255;7360;2246;7370;4816;3283;728;217;6361;6376;746;6378;237;1773;4856;2809;1787;3837;5886;773;3338;3882;7468;1333;822;7481;827;5450;4428;1357;3917;7505;851;5464;5474;6499;2404;3431;4987;4994;4996;1427;1438;6050;6569;947;4022;5576;2509;3030;2010;6110;994;2021;998;2545;6641;500;6644;4087;6137;6138
times	4096;3;4099;1029;1030;5639;1546;4107;5643;6666;15;3087;529;6164;2070;1048;5661;2078;5151;2594;1063;2601;4137;2091;7213;558;48;4145;6194;3635;1589;4661;1086;3648;5184;6722;2117;587;1615;4175;3153;4688;2131;596;85;2132;2134;2645;4696;1626;6230;7260;1631;5728;4195;3180;1133;7277;2671;6258;4724;1657;4731;1660;2684;1150;1664;4226;5252;2693;4232;4745;5769;2188;3725;4236;4238;4748;1169;4753;5773;6288;6290;7314;152;2712;6298;3741;5280;2209;675;2725;4774;4776;4778;4269;3759;1200;2225;4273;179;1716;4277;4278;5808;2233;186;4281;6846;1730;2246;1223;2760;5320;6858;4299;204;7370;3283;2777;4826;5338;5851;2781;6881;2275;1253;3301;4838;6376;7398;6379;1773;1262;3824;3315;756;4343;4856;2809;763;2813;3837;775;776;1289;2823;267;3335;4363;3857;6418;1301;1813;2327;4376;5399;2842;6425;4893;2847;6433;292;7462;1321;1322;6443;2861;2864;4400;4402;1333;822;1849;1338;5436;2365;6465;1346;5955;1348;1350;6470;5450;4428;3917;3406;847;2384;3408;5967;7500;2388;2389;3420;4958;351;1378;5987;2404;4453;4964;5989;3944;7013;3946;4970;5483;5997;2414;3439;6000;1905;2418;3442;3954;6003;3446;4983;6005;4986;4987;892;7038;1407;1410;4994;2436;4996;1926;4998;904;2441;1930;2444;4496;3474;2963;1940;4503;2456;2969;2970;3483;4504;7067;2463;5536;1441;2980;2982;1961;938;2473;2474;6573;432;1459;436;1461;950;2999;440;4022;4533;1467;5562;6592;1985;5570;6598;7112;3533;464;5589;2521;3546;5082;2524;4060;479;994;5603;7138;998;2535;5606;4585;5608;6510;7154;1524;2552;6137;6651;3068;7165;4095
reported	3;532;1046;5658;5151;34;548;553;7222;1081;7230;6719;4696;7264;613;3175;7273;6262;5253;6279;1160;1169;1694;2214;2225;692;6840;6849;1730;6853;2760;5320;6858;2763;7373;3283;5338;6881;4324;748;3826;3834;7419;5886;3838;7428;4357;6918;272;1810;1305;6942;6943;6433;822;1849;5954;2386;4951;856;5465;4443;5987;888;2938;2943;896;4993;901;4486;6033;5013;3993;3995;5538;4521;2991;4022;4024;5050;3011;5572;1478;5074;5593;4059;6108;4064;6116;2025;3561;6121;4588;6644;2552;6653
conservative	3;1415;6290;5013;3480;6691;3751;4904;6573;4399;3504;6707;5429;6592;6349;334;7374;4434;3283;2645;3294;6117;7531;2924;4974;6770;6644;3573;3578;4092
sheikh	3;2764;847
baz	3
followers	3;6660;517;5381;904;5777;1427;2196;6419;5153;6817;1831;808;2857;5801;6952;1199;1711;4531;5173;6965;2231;1981;4669;706;3266;3908;3781;6725;3911;6088;73;1994;2249;716;2769;3026;4050;4818;4053;5586;1880;2139;7515;6113;4712;105;3949;6765;2671;5240;6396;7422
house	3;3592;6666;7179;2063;5652;4122;3613;5665;548;1573;3108;5676;4141;3119;4148;5173;58;4670;65;3656;6221;4175;1618;3671;4696;5213;99;4196;6763;622;1649;1655;2171;2684;6784;1169;3731;6805;154;2202;670;3742;3744;678;5286;5288;6314;2225;692;3255;2232;6840;698;191;2239;6849;7360;196;7368;2763;5837;4816;3283;2261;727;1751;2778;6881;3301;7397;6378;3820;1773;5874;3831;6396;4354;4357;3851;1813;1814;4888;5914;6941;6434;5923;1318;2856;809;3884;306;819;1849;5949;3394;326;2374;1868;1357;847;1363;857;1370;1883;2907;7515;5987;6501;7017;6003;7030;2937;3961;1407;384;385;1410;4483;4991;904;6537;394;2444;4496;6036;1943;920;2970;1438;4516;6569;6576;3507;438;4022;2490;3004;1981;3008;1992;4042;2507;5071;3538;2516;6110;2021;1515;1006;3573;6136;6137
saud	3;847
rule	3;1030;2060;22;7196;2078;2082;7202;1063;4135;5676;6707;564;4148;4149;7222;6204;69;6725;6734;6230;1114;4199;5223;5230;2674;3192;1147;642;1163;1686;2715;2214;2225;696;4793;3770;6849;2246;6349;5843;7380;726;2265;3802;6362;6881;6383;5876;3837;5886;1795;775;6415;2838;2327;4893;5922;808;2856;2858;4911;1849;5445;847;3414;4439;4953;2916;1382;4454;2937;893;1925;1926;3472;925;1451;432;6092;1491;4064;2021;2545;5107;6643;3579;2559
conservatively	3;375
nyt	3
complaining	3;5639;140;2968;6045;6431;4134;6062;431;6584;3131;2627;1482;1994;5066;4175;848;5343;2784;1894;3176;249;6395
government	5634;3;2563;1541;6658;5639;5640;5129;6666;7177;1548;525;5132;6159;2064;3601;1554;3602;532;6163;5654;7184;5658;3612;7197;1059;2088;553;3626;555;4652;5162;5676;2607;3119;49;4659;4660;5173;2614;567;2104;3064;2106;571;1084;3129;4156;5182;1604;1605;2116;6214;73;5193;587;2635;4173;590;3662;4684;5199;3578;6226;7246;2645;3159;4696;1625;3161;1115;92;2140;3164;4187;5209;5722;1635;5731;613;2150;2665;6763;6257;2674;4724;4603;1657;3706;1147;5242;6777;5248;1153;5114;131;7298;3717;4742;5253;7309;655;1169;4241;6290;2196;6293;2198;4248;3737;1694;6303;3744;161;2210;6138;4772;1702;2731;6318;3759;5295;2225;5808;692;3254;3255;4791;697;2746;3259;188;4796;6142;6334;7357;193;7362;707;3781;2246;2247;6853;7367;2763;6655;6350;4816;3283;7380;2261;2774;1751;2268;4831;6881;6370;1763;4324;5348;7397;6377;2795;1773;3311;3824;3825;1778;5872;2292;2293;5874;5878;7416;1787;6396;3837;3327;1793;2305;3841;6914;4357;4869;775;5893;6917;4363;1804;3852;6925;1808;5904;5905;1811;789;1813;1814;2840;3865;4376;5914;4894;4383;3872;289;1314;5410;5923;1317;1829;807;808;2856;7466;7468;6957;4399;2353;7474;3893;2358;5429;5431;825;1849;827;2876;4409;4929;2882;1347;5954;325;326;5956;1865;6473;847;1872;1362;1366;1367;3414;4955;3420;7515;2398;6494;5474;5987;869;4454;3431;5477;5481;3947;5483;4462;6006;375;2937;891;2943;896;1920;1410;899;3458;901;4993;2951;3464;2441;3975;4996;2444;5509;6534;1936;5522;1427;6034;6548;2970;1436;1949;1438;415;1444;2473;5034;1451;1453;3502;3504;1969;7091;2484;4022;4537;443;1979;1981;3519;5056;6080;6596;4549;1479;5575;5071;4050;981;5593;4059;5083;1502;4063;7139;3045;3558;6629;6632;7144;1517;2030;2545;3569;6642;3573;3574;2552;3066;3579;2046;6143
asserted	6304;3;357;2214;5893;3112;7339;5359;5328;1619;3870
approx	5249;3;6670;3603;1435;2972;5791;4907;3889;4533;3642;1859;325;5331;6230;1625;5349;7405;111;2418;6515;3956;2046
shiites	3
kingdom	3;5253;904;3723;3472;1169;2202;4891;4252;5410;1661;6573;4788;1849;4412;6721;5446;2249;7497;460;1116;6110;7006;994;6378;4976;2545;6136;6137;3451;3837
apostates	561;3;6113
islamic	3;5253;3464;5001;651;22;5788;161;3617;675;1831;40;6056;6952;3504;561;4277;4022;3255;6071;5050;1595;6079;6592;2764;2014;1247;3044;7144;1773;4589;3569;3825;2163;4849;1782;6006;4601;7165;2046
law	5634;3;1028;5127;7175;6666;3596;4108;6159;3600;3602;2068;5140;6164;5655;2586;3613;7197;3108;2088;553;5676;4143;561;2609;4145;5173;4158;5182;65;5186;6721;7236;7240;5193;5708;5709;590;6221;7246;3154;5714;2645;5205;1115;3164;612;2662;5223;6763;6766;5744;1649;2674;5745;1652;3702;2167;3704;7288;1147;2175;1157;5264;5779;5272;6810;6812;7324;7325;7331;5284;6309;5286;167;177;2225;2226;692;5298;6321;2231;6324;6838;5826;7162;2763;716;7374;3279;4816;2769;722;3281;5329;6867;6361;4831;6881;3301;2289;6899;2292;2293;3831;4343;6393;1787;4860;4349;6396;4357;266;4874;1808;6419;4376;3865;4894;4383;3872;6430;1826;4386;3876;2341;5923;2856;1322;4399;1843;309;5431;825;1849;1851;2876;4409;5949;7485;326;6470;7497;6988;847;1872;1873;2386;4433;4946;4947;1366;7509;4953;7515;860;3420;3932;7517;864;7518;1892;869;2917;7525;3947;4462;6003;3961;894;1920;1410;1925;6022;3975;904;6024;3978;7048;6029;3472;6036;5013;5015;5531;5534;2978;6051;5030;6569;939;3504;3507;6581;4022;4023;3002;1979;5050;1982;5056;5572;4549;4040;6088;1994;5071;3538;4051;3544;2521;1016;3555;6115;6629;2023;2536;7144;2027;1519;3569;6642;3060;3573;6644;2552;3578;3579
brings	3;131;3973;7048;4496;4625;5393;7443;3368;6325;5046;1849;4153;6342;2891;4308;6484;343;2529;2274;357;2794;5622;6774;1656
death	5634;3;1543;6666;5643;3084;3085;14;3596;5133;5645;7180;1046;3613;3614;5151;4129;1059;6182;7207;5162;5676;4656;3646;7234;7247;6736;4690;2131;5716;3163;3165;1638;3688;7274;2668;6252;2671;4208;5745;3188;6260;3704;1657;1147;4731;5246;1663;1665;5253;5765;3207;5773;5272;4768;6138;5284;1190;167;6314;3758;3759;1716;4788;2742;2231;6325;2233;3770;6840;193;1730;6849;2758;5319;6857;2762;2763;2764;6858;725;4831;6881;1252;3812;7397;2811;4349;5886;3338;4881;1300;4376;2843;5916;7453;3870;6943;5922;808;2856;3369;6955;3884;306;5939;3893;5429;1849;1338;4412;5954;326;3404;4428;4941;2383;2386;1875;1876;2901;3414;7003;2398;3422;2918;6525;4993;1410;4482;3462;904;5522;1427;7058;2970;5530;1949;4001;7074;6565;937;4009;2477;3504;2993;4022;4023;3002;1467;3518;455;4040;5066;1483;460;3533;7120;5076;984;2008;2009;7132;4064;6625;994;6632;1518;2543;2033;6644;3577;3578;4603;5628;3069;7166
penalty	1024;3;134;2312;4107;3084;5773;654;3345;3730;1690;2843;2842;4768;5163;300;5167;7087;310;61;4677;2758;455;7500;2386;4435;85;7260;5987;7397;4966;4717;7279;7157;4983;2296
diplomatic	7360;3;2116;5987;2763;6380;1357;238;1773;7309;2225;6267;3837;1438
guy	1024;4097;6657;3;6660;3078;2058;3596;1550;1039;2580;24;3101;5152;549;2085;6694;3624;4137;558;47;1583;7214;7219;5686;567;3133;6723;72;6216;3660;590;5199;4688;6740;1110;89;3164;6237;6238;5728;3170;7267;5222;4201;1141;2165;3196;127;6784;6273;4232;3210;4747;6282;7307;654;4753;2706;3219;5782;6296;5273;5789;4770;1699;5285;1203;2742;1722;701;1216;1735;4304;2771;1236;2261;4310;6358;4320;5860;6891;6893;750;7407;4342;6905;2299;3836;6908;7426;779;7435;783;3858;1812;6937;2842;796;5919;1824;4907;1838;3886;2864;6958;310;3384;5945;5436;7485;3393;6467;1348;1350;861;4451;3940;3944;5485;1912;3448;376;2431;5001;3981;6036;1429;1943;4503;2970;5534;3489;1963;4022;1976;4542;960;5570;4036;2507;5071;2002;3538;4564;1501;5094;7151;5104;3059;4084;3573;6137
bin	4640;2593;1282;3;1698;6433;6592;1031;2954;847;18;5525;1086;123;350
jibrin	3
called	2049;3;5;7;4107;2060;6159;4112;19;6165;2096;4148;58;6204;72;6216;2128;6227;2137;4187;6238;6240;2145;2146;2151;4207;115;4229;6279;141;4240;6288;6290;4244;4251;2214;2215;170;2218;4267;174;2225;178;2231;2233;2245;2246;2249;2276;238;2290;6412;6419;276;6433;4395;300;4397;302;2350;4396;6459;324;4428;2387;340;2389;342;6495;364;2413;6513;371;383;6536;2446;4496;4497;6547;6549;4503;4516;4524;4528;4531;4533;6581;2490;2511;4565;4576;2531;6631;2536;2545;2546;6666;527;528;6674;2579;2593;6720;2628;596;2645;4696;2653;4705;6756;2662;6763;623;6784;4746;6797;655;661;665;6812;692;4791;6840;696;4798;6846;6849;2763;719;4818;2774;2778;6874;6881;4841;6892;2802;758;2814;4867;6927;6935;6940;4893;2848;4896;803;4899;6951;2856;4904;812;6956;2864;2865;2867;6964;2869;6968;6969;2876;847;2896;6994;4951;4952;857;871;2924;2925;4974;7029;7031;4987;893;903;904;5003;2959;7056;914;2964;7062;919;2968;2970;2972;2979;5032;5033;943;2996;5049;7099;5061;7120;980;5080;989;5093;3063;7162;5115;5118;1024;1030;3083;7180;5136;7188;7189;1046;7198;5154;5157;5163;7213;5167;7217;3132;1086;1087;5184;5190;3149;5198;1103;3155;3165;1118;3173;3177;7273;1147;1154;1169;3219;5271;5272;1184;7333;3243;1201;3255;3257;3259;3260;7355;3262;1220;1221;3268;7370;1232;7384;1241;3294;1247;7390;7397;7404;1262;5361;7419;3326;3341;3344;7447;5410;1316;7468;5421;1325;1333;1351;7496;7504;5458;7511;1386;5483;5484;3454;1410;5510;3467;5517;3472;3475;3476;5536;3491;5557;5562;1487;3538;1515;3563;3567;3569;3570;3578;3584;1537;5632;1539;3592;5641;3596;3608;5658;3614;3622;3627;5676;3632;5686;3643;5704;5711;1627;3676;5726;5732;1637;5746;3700;1657;1665;1672;1675;3731;3752;3759;1728;1729;1741;5838;3793;3794;5857;5864;3825;3836;5886;1794;5892;1812;1813;1815;5914;5928;5929;1849;3899;1857;1872;5974;1881;1885;6003;6006;6024;3981;4003;4016;4022;4031;6079;4057;4060;4064;2021;4071;2024;2025;6137;2042
severe	2177;3;4099;4357;4996;2189;3345;1694;428;5676;4528;7347;1849;6458;5066;3533;4559;4176;6993;5330;7511;1115;2016;996;3172;6376;2025;7018;3947;5355;1773;4974;6644;7162;1147;3837;5886;3583
punishment	4993;6145;3;4107;3084;5643;6155;5264;4884;2712;4122;2843;416;4129;5922;7074;7208;3759;561;2226;307;4405;1849;186;571;2109;6721;3523;455;1223;5963;3917;7374;847;7120;2386;4308;2139;3420;3812;6763;3570;6138
women	3;1539;6660;5128;5641;3596;4122;5151;1062;5676;3118;4148;58;3642;1084;5182;6728;6218;2131;3159;3689;1644;4731;1147;5253;4749;3731;4244;4248;1694;2718;7340;7346;6840;2233;6846;6338;4803;2249;7370;6349;5329;6353;3283;5338;1755;3810;1763;2280;6894;5361;3833;6406;4363;5901;6928;6929;7442;1812;1814;5914;5917;1314;4899;2856;4393;6955;7468;822;6464;5954;4931;326;1357;5460;2389;6996;4439;5468;862;7522;2407;3431;3437;3952;2937;4986;6526;5510;2951;6535;5002;4492;6543;7058;1428;6548;2970;4009;1963;3502;5554;1478;3533;3030;5597;994;2021;4070;5608;2025;4585;2539;6632;7144;2551;6138;4092;3583
drove	3;6290;534;1815;6680;3225;2970;5919;6818;933;678;2856;5676;1849;2490;1223;971;2139;7515;5091;7404;881;3570
public	5634;3;2563;1030;5639;5642;6666;5133;5645;6159;5136;2074;5658;540;7197;6174;5151;5665;5159;553;3116;5679;561;7218;3637;2614;7222;570;571;1086;5182;5186;2116;6213;5709;3663;6741;2135;3159;1115;6238;2145;7273;6763;2156;5230;2674;3187;6258;1144;1147;5248;1665;5114;7298;133;5253;6278;7301;2697;651;5264;657;1169;3731;2708;4245;4756;6294;6295;2201;2202;155;3738;5274;1694;1695;5793;1702;3239;3751;6316;5808;2225;3249;3250;692;1716;4278;5302;7346;7347;6331;190;3262;6846;1729;1730;6849;7162;1734;2758;6858;7370;6349;719;5840;6867;7380;726;2774;2782;1247;2784;6881;5858;7396;7397;2278;4328;6378;2796;7404;5870;3311;3824;1268;2293;5878;4344;4865;4866;5893;776;2317;4883;6419;1813;1817;1306;2331;4891;4893;7452;4383;5920;6433;1826;5923;2852;6435;5926;1831;1323;4399;6448;7472;1333;3893;1849;5954;3908;2374;1864;4428;2382;847;1872;3926;2392;7518;351;5472;4450;2917;3430;5990;872;3947;3948;5997;4468;2422;4987;5499;1410;3458;1925;4997;1415;5509;3978;2444;3472;2965;3480;3482;923;6558;2978;1955;1960;6572;1455;4022;5047;3000;4030;4032;6080;455;5575;7112;1994;2507;2509;4557;5583;464;468;2004;2005;3030;984;2008;6614;6619;4060;6620;6110;6622;992;7139;485;487;1517;2545;3569;3570;6644;7153;3064;6137;3578;5116;4094;6143
protest	3360;4993;546;3;3108;6464;6658;6660;2856;6756;716;5676;4975;464;5914;7198;7327
ban	5597;3;1415;2600;5483;6763;2509;7153;3573;1655;3613
driving	6273;3;4357;2822;6666;7312;1815;5399;1567;6818;296;169;2856;2603;3626;5676;6576;7216;6324;7477;3511;4280;5945;6969;3259;5949;1599;2496;5185;6465;2378;7115;7373;5967;6095;6736;6483;1878;3926;5080;2905;5591;734;1631;864;3553;4831;5475;6366;3301;362;491;2795;3946;5742;3056;6896;2674;889;3322
abdelhamoud	3
altoweijri	3
fired	3;2695;777;4363;141;3725;5262;272;1810;2962;6419;3612;3493;5413;167;808;2856;5162;5801;5676;6437;558;1199;1839;5171;692;822;4022;2108;2374;4554;2763;847;208;4696;3707;2524;994;2918;2924;4731;2542;3313;626;5111;3831;3579
jobs	3;7043;2828;3602;2452;2970;3872;6434;6946;4517;2225;3259;1086;6592;6849;964;2128;7249;2004;7511;1115;2657;738;4705;7397;998;7271;2924;3436;4977;2550
jailed	3;6665;2198;58;3164
branded	3
prostitutes	3;6660;615;6846;2645;4757;635;6526;4831
happen	3;6148;5128;5129;14;3598;16;6161;3091;1050;33;2593;4649;5676;3119;3632;2609;1082;6202;2109;3646;6727;72;3148;7252;2645;6229;1625;2139;1628;3164;1631;1128;7272;2160;1649;2674;3185;4212;7288;2170;5243;6778;5758;6273;6279;5256;6281;7309;4754;6291;4249;6303;6304;2209;7335;1203;692;3764;4791;2233;3259;4795;7355;5311;7359;6337;1224;4299;6348;3789;6350;3279;5843;6867;5333;726;2262;4311;1246;6881;2790;4838;1256;7412;5878;4343;2809;6906;2299;7419;5887;1282;3848;6928;3857;1812;1813;4376;5923;808;2856;3884;4397;5933;4399;2864;5934;6959;7470;5942;1849;1342;5951;321;5442;1859;4935;3403;3408;2389;3415;5465;2401;2916;2405;5989;6501;363;5485;4462;3951;6511;6003;3444;6006;3959;3965;3454;2943;7038;3975;2444;2963;2966;919;2968;4502;2970;2460;1438;2974;5535;6569;7081;6584;3002;1979;6591;6592;7105;2498;4549;6088;1994;2008;985;4060;5597;1504;5090;2535;5607;4585;6636;2542;6126;4605;7167
basis	4608;3;6147;6148;1030;5641;5133;527;2068;2070;6679;1051;3613;5151;4129;3108;2091;561;5179;6722;1096;7243;1119;1633;5741;6766;3696;2674;4725;6774;1655;635;1147;5272;2210;6823;2225;6325;3766;4791;5303;6845;5824;6849;7364;2246;3783;6349;2767;3283;2261;5334;216;6365;4831;3808;3297;6881;3301;7397;3831;5880;7419;3324;4349;2818;4357;2824;266;7439;1808;3860;1813;5910;4893;4895;3368;1321;5418;1333;5944;1849;4412;6464;326;5450;847;2385;4434;4442;860;3932;5987;2916;7525;4966;2409;3947;3441;2937;1925;3978;2444;1427;1429;2454;2965;3480;5013;5016;6566;7079;5034;946;6580;4022;1981;4549;460;2510;7128;2521;4572;4577;7138;484;2535;2026;7151;2556
quran	3936;3;6660;615;1831;5639;4619;2767;4815;561;6077;7151;6873;503;3673;4989;2046
ahadith	3
falsely	3;4996;5676;1773;3279;3507;6846
choose	3;5128;5641;7180;22;5142;7190;5662;31;5151;6175;6688;3620;3112;1581;2617;2556;1086;1599;6207;3137;5199;6238;2671;2160;4725;6794;6797;1169;3218;6290;2709;6295;5274;5788;5286;1703;6314;175;1202;2226;1207;4286;6334;707;1732;7364;6347;726;2268;4831;2785;1253;7397;5354;5357;6894;3312;5360;2291;2811;6407;1804;6939;6433;7457;6950;4399;1328;1333;3381;311;4412;7484;6467;6470;3411;5465;3420;351;3947;1901;878;2431;7044;904;6026;4503;925;2461;3496;6573;6592;3532;5586;982;5597;4577;3563;7148;3573;6136;6140
heroes	5954;3;6376;3338;1839;2131;6650;4507
wisely	891;3
reflexively	3
rally	3;4615;4470;3255;5624;1849;5914;6296
hates	5570;3;2662;2536;362;860;2431
hate	4610;3;5;7174;520;2058;5642;1548;3596;1554;1555;5145;5658;2588;7196;2593;6698;2605;4155;6203;6721;6216;594;1626;606;5728;612;7274;3704;4731;1671;6791;651;144;6801;4756;4757;4249;1699;6824;1705;3243;7360;6654;4295;3273;215;3299;2790;3825;6900;2301;4868;4869;5901;1294;1812;1815;792;7448;3357;2343;6959;2355;6455;1849;5946;6459;831;6464;3393;3917;3407;3411;7005;3422;1381;7525;7015;3948;6005;6517;1925;3472;6036;1435;5039;4022;5558;7101;6592;5058;7110;971;972;3035;3044;5607;2536;3048;6120;498;4083;2046
allowed	3;2563;6660;1030;2567;527;3092;2070;5654;6680;5145;5147;40;3114;3119;1585;2620;3663;5714;85;7253;3164;1634;6252;6257;5243;639;4748;4239;6290;2196;5781;5271;6295;5284;1702;2214;5808;4792;3781;2246;7370;5329;2772;1751;5851;2268;3313;3832;3324;3842;1283;2820;6919;266;5901;2838;4377;7451;4893;799;4903;3884;307;5942;832;321;328;4427;7512;1372;2908;7517;3440;6003;2937;6010;894;2434;7043;4484;2952;1424;5013;2970;931;438;5050;6080;4036;1994;2509;2004;981;3045;2023;4587;5611;4589;3570;3571;1016;2554;6653
radio	1026;3;1035;3596;6669;5648;1555;1044;6164;1048;34;3110;553;5163;6187;7218;2612;5686;58;4669;5186;1618;1619;1110;4696;5226;5232;3187;1148;132;1674;1164;1167;4245;4246;4248;5274;6810;2209;5630;1200;692;6325;4283;7357;2760;4297;7370;3283;212;1751;730;5338;2797;4848;241;2294;3831;7416;3835;2299;4864;778;3851;5386;5388;1815;3357;4901;5425;1333;3894;2360;1850;7486;2884;6981;5452;2894;847;3407;7507;3414;2906;7518;5473;7522;7013;2414;7025;6516;3960;3455;2950;5512;2953;6544;6549;411;1435;1957;1962;2475;6576;1461;2487;6586;4031;960;4552;969;1485;4557;2008;2010;5595;4065;994;6625;491;2546;1011;3570;5113;4091;4094
immoral	3;4871;6794;1427;3731;5910;6425;6175;4896;5153;4774;7079;6580;3766;4022;3516;1212;7236;5066;4831;4577;4462;623;5235;1012;6265;3578
favorite	3;1030;4745;3338;1422;4750;4368;1169;146;6159;6291;2838;2842;1179;4893;4513;546;6433;6440;5291;300;7084;1458;831;706;70;718;4175;848;5327;5328;2010;602;2524;227;2147;2798;6383;7028;1141;5495;6651
earth	6145;3;7173;5639;1034;6666;1036;7180;7181;2590;34;7208;3113;7213;6712;5179;6205;3646;3651;1092;7239;5195;1100;6742;3672;4696;1114;1632;6244;6252;5745;4724;4731;5243;639;4224;650;4235;6288;1169;4248;1689;7321;2715;4252;2213;4776;681;6140;3759;6321;2746;5820;2750;5824;6849;7162;1224;2249;7370;4299;212;3289;6874;6877;224;244;4343;4349;4359;3338;4875;2317;280;6425;284;3871;4896;4386;5410;3374;1328;6965;1849;1342;329;6989;847;2389;3414;7511;6490;7515;2915;2917;4453;1383;4966;2923;5484;6510;4976;4978;2934;6521;4987;904;3472;4496;6546;6040;2464;931;4003;2982;937;4009;7093;4029;455;4040;5066;5586;5595;1500;4062;994;2021;4070;2026;3050;7150;4591;2552;5114;3580
restrict	3;5893;6566;334;3472;6896;1652;3573;5878;7358;3064;7452;1436;6494
religious	3;517;3592;6666;6161;7185;2068;6164;22;2070;5142;6679;3617;4132;5157;3113;561;4145;4664;4668;1086;5182;576;3649;5698;3662;6735;2645;3673;1123;6763;1133;4718;6766;2674;4724;6263;5256;651;5116;5263;4248;665;6812;1181;675;3749;1702;2214;2728;5801;2731;5806;3759;2225;1203;692;2233;3772;193;706;6337;3781;2246;1223;5830;716;2769;3283;5851;6369;1763;1252;5354;1268;6396;2813;3837;6909;1282;2818;3332;4363;6419;4884;1301;1307;3872;5412;1831;2857;811;4923;3900;6464;5954;1347;326;328;6475;3917;2383;4434;4946;4950;7000;3932;7525;6502;2922;1901;3950;368;3961;1916;1917;2943;4994;1925;904;6024;1427;3480;6043;1436;413;1949;7079;5039;433;4531;6580;5572;4549;3529;1994;2507;5066;464;2014;4064;994;5603;3044;6629;1001;4586;6123;1007;2033;2545;3569;4092;2046
political	5634;3;6658;517;6155;1549;5649;1554;6164;22;546;1062;4151;3641;1084;4668;1086;5183;5186;6722;2116;7236;587;2135;4696;5209;112;2674;1655;1665;2180;1169;4248;1694;6304;5288;3241;2731;3759;2225;692;5302;7360;193;6849;3781;2246;5319;2763;6350;6353;2268;3294;6369;6881;746;1773;1262;5870;1778;5878;2809;6396;3837;2813;5893;6925;1813;5914;4384;309;3893;6464;833;5954;837;4426;1357;847;2385;7511;353;1378;1892;357;3431;2937;6535;905;2444;5010;6551;5530;1436;1949;1438;4022;464;3538;4050;3555;1519;3056;2545;3569;3578;2046
reedom	3
lot	6145;3;5;6151;6162;6163;2068;2070;4120;4134;2091;6192;4148;53;2110;64;70;4167;2132;6230;2138;2145;4198;129;131;140;4238;4239;6291;6293;2199;6303;4257;6309;4264;169;4265;176;2225;4273;181;6326;4280;2233;4281;6330;4292;6346;6348;2261;6358;4315;6369;4322;6372;2277;4329;4331;6381;6383;2291;2293;4351;4354;4363;4366;6415;6419;2326;279;4377;6425;4383;6431;6433;298;302;4399;4400;309;2362;6465;6470;6472;2380;4428;6476;2383;2386;2391;344;4442;348;2397;6492;2406;2407;4460;6510;4467;377;2434;6537;4515;2469;422;4519;6566;425;4523;4528;6576;6580;4533;6584;441;442;4540;4549;471;2519;2521;475;2524;6620;479;6623;2540;499;2550;2551;2559;6657;516;2568;6666;2573;4624;2577;6677;4630;6678;4632;2586;4634;6685;6701;2607;4656;2616;6722;2627;583;590;2645;2650;6763;4730;2683;6779;641;2703;6801;2715;6811;6814;672;4771;682;2730;2735;692;2742;697;698;6847;6849;6853;2758;4809;2763;6860;4820;726;2774;730;2781;2784;6881;4838;748;750;4849;6908;766;2818;2820;773;6916;4879;4880;2839;4888;6935;4890;6939;4893;4909;6957;2865;6970;2876;4929;4933;6991;851;6995;2902;7000;860;2908;2909;2916;874;2924;4974;2928;7030;891;7035;7044;2951;2959;2970;926;938;5054;5071;5074;980;5076;5078;5086;5104;5117;7165;1024;1026;3077;1030;3080;5128;3091;1044;3092;1046;5154;3111;5161;7214;5167;7219;1081;5178;1085;1086;7232;5186;5190;1098;5194;7242;7243;3150;7246;7249;5207;3160;5209;1114;7260;7263;7267;7274;3192;1147;3197;7301;7302;3207;5262;3215;1169;5267;5272;3230;1196;7342;1208;3257;1222;5319;7371;7373;1232;5332;7380;3286;1244;5346;7394;1252;3302;3304;7412;7415;7422;1283;1286;1289;1294;5392;7444;5399;1315;7462;1319;7470;1332;3387;1342;1348;1350;5446;3400;5464;5465;7525;3430;5478;3435;5483;1392;1395;5496;1414;1416;3468;1432;1435;3489;5567;5568;3525;3529;1483;3533;1489;1493;5589;1512;1525;1544;1545;5641;3598;3602;1555;5657;5658;1572;5668;5669;5673;1583;3632;5682;1590;1595;1599;5695;1601;3654;5711;1618;3668;5720;5728;3692;1665;3731;5779;3741;5790;3747;3749;1702;1718;1721;5818;1727;3785;1739;5837;1745;3797;3802;5851;1783;1788;5889;3847;5895;1813;1815;1818;1825;5927;3882;1835;5935;1844;5945;1856;5954;1859;5958;3911;3913;3914;5980;3944;6006;3970;3972;3978;6028;6036;1942;1955;1957;4009;4012;6062;1984;6081;4050;6103;2010;6108;2021;2025;2027;6127;4087;4092
replacements	6881;994;1315;3;3874;3015;5449;5036;3729;4533
worse	3;1030;2058;3596;3087;528;1554;4630;5657;4636;6173;2604;557;5165;5676;1587;4661;2103;3641;573;67;1092;7237;585;4172;5199;6223;1113;5209;4199;5223;5735;5227;631;3192;6778;5245;5247;1664;6279;5258;2702;2703;2194;2712;3739;4778;692;4791;185;2246;5322;7371;2262;6877;2277;5354;3311;752;6897;757;2820;4363;7442;6419;4893;2856;298;3891;5945;5950;329;331;3916;4434;3414;1391;4470;6013;1410;2949;1926;5002;1942;3502;1969;4530;4533;6590;6603;7120;7121;466;2521;4058;6617;479;1505;6632;503;7165
feeling	1282;3;1029;2951;5002;6161;2196;3606;1815;5014;5272;2970;5655;5912;6814;416;7333;1063;2215;5032;6314;3883;7213;5168;2225;4022;5558;5050;7161;6849;7492;3910;1223;72;3529;5066;5446;716;2894;3406;2769;2645;1880;5720;348;92;1633;5218;5860;6756;871;1127;1512;6120;6760;6381;1007;3183;3441;1778;3188;1141;6005;4343;6902;633;4603;2430
heat	1024;3;2950;3847;3338;1675;2187;6666;271;3087;1809;3985;5780;5784;2585;6049;5283;4261;4901;7207;2856;4393;1836;5676;2607;3759;6319;3639;4024;4411;5307;5952;72;1992;7368;4299;5707;7370;4562;5332;2518;4696;5080;3035;7388;6365;224;2400;5986;227;7520;489;4970;491;4844;6892;4078;3183;7025;5491;5876;4727;6905;7162;6013;7167
months	4609;6658;3;4;1030;5128;528;28;5148;2078;31;544;5151;34;5154;6173;3626;1068;6701;4662;6203;1086;5697;4674;5187;6220;4175;80;1107;2131;2132;2137;4699;2142;1122;5733;6759;1128;2667;4206;6766;4720;6257;4724;1655;2683;1147;6784;4738;5762;5253;7302;5258;6795;6797;5117;6290;4756;1694;7330;5284;1190;3241;1195;1197;2733;6829;7341;1201;2225;179;1204;1715;4787;6322;6835;6840;6332;4797;2750;6653;2246;3270;7370;2764;4301;207;3283;1236;6362;1246;6370;229;2790;2791;4327;3817;5349;2795;6376;2285;6377;6381;753;6396;4867;7430;2823;2313;7444;1813;1814;1815;4373;285;4893;4383;6437;1839;1849;3900;5951;1344;5954;6470;327;5452;3406;4435;856;5465;2907;1885;7005;351;1887;2913;3425;3949;3952;5491;4470;4983;2937;4473;3964;3455;6015;6529;1410;4485;1928;6026;1932;2445;7055;2962;1430;6042;3995;3487;928;938;6571;7083;7084;1454;432;2993;4528;4533;4022;449;4546;1479;1480;5066;3532;3533;5582;975;4560;7121;4050;3539;984;3035;475;990;3039;4069;6117;5607;5096;2025;7147;2033;5621;3064;6137;6138;1531;3581
read	3;5;6149;4103;4107;6159;2064;6163;6164;2070;4121;2082;4132;4134;2091;44;4139;2094;4141;4142;49;4146;58;6203;6211;6218;4174;6229;2138;91;4187;2145;98;104;2154;6257;4212;4214;119;6265;4230;4236;2192;6288;4243;149;6293;6295;6299;6309;6314;2219;2225;6325;2232;195;2247;201;4297;4298;216;218;220;222;2271;6371;229;235;4331;4333;238;4337;2293;4344;2298;6401;2307;4357;4363;4374;6427;4383;6431;6433;4386;292;4389;2342;4395;4404;2361;4412;2365;2369;6470;328;2378;4428;4429;334;2383;4432;2386;2391;2392;2398;4447;6503;377;6530;392;6543;4496;4498;407;2456;4503;4507;2463;416;4511;6559;6562;4518;6566;6573;4526;4528;4530;4531;4533;6581;4538;4542;447;448;6592;2499;6596;456;4554;2507;461;2509;2515;6614;2521;474;6618;4575;6623;2529;6640;2545;503;6649;506;4603;2557;6655;512;6660;6666;533;6678;2586;4635;6682;6685;2593;550;2600;553;4649;6698;6707;574;6721;585;2635;6736;2641;6739;2645;4701;4705;6758;4714;6763;4721;2674;628;644;6791;655;2703;2705;4757;2712;2717;4766;2722;6823;2728;4785;694;700;6847;6849;706;709;6853;6858;716;2768;2769;4818;6885;746;747;2795;4843;750;6895;2808;763;4865;6914;4867;4869;6922;2827;6924;2830;6928;4881;6933;2839;6935;2843;4893;2847;4899;4904;2857;4905;6959;816;4935;2888;6985;2898;6996;2904;4953;2907;860;4957;865;866;2922;882;7036;2942;7040;4994;7043;4997;902;904;5004;2958;5013;7064;2972;2979;7081;2987;5035;7087;2996;5045;7099;7103;5058;7110;3018;5066;7116;974;7119;7120;5074;7124;3029;984;3037;994;5098;7150;7151;5113;5117;5123;1030;3078;5126;5128;7180;7184;3092;1046;1051;7197;1055;7199;5158;1066;7213;3121;7221;7222;1079;1081;3129;1086;7233;3146;5195;3153;5201;5203;7250;5205;7252;3168;1123;7269;5223;3179;7276;5243;7295;5255;7304;5259;7307;1167;3216;1169;3218;5272;5274;3227;5277;3234;5283;3239;7342;1203;1205;5303;1217;7363;3270;5330;3283;7380;7382;7383;3288;3294;3301;1254;7402;1265;1267;7412;7414;1278;7425;1282;1289;5385;3352;1306;5407;5411;1316;3368;3369;1322;7470;3378;1331;1333;3389;7491;5445;3400;3401;1354;5449;1358;7505;5458;1365;3414;5462;1368;7511;3419;7527;5482;5486;5492;5501;1407;1410;3458;3465;3467;3468;3471;3472;1430;3483;3485;5534;5536;5541;3494;1456;5553;3509;5561;3515;1475;3527;3529;3533;5603;3557;3560;1519;5617;1522;3572;3573;5625;1532;5632;1537;3596;5645;3604;3613;3626;5679;5683;3636;5694;1614;3672;1626;5723;3681;1638;1652;5756;1664;1665;3716;5764;5765;1672;3731;1689;1692;1701;1706;5819;1730;1732;1733;5831;3787;5851;5853;1762;3812;1767;5863;1778;1790;3841;1795;5893;3847;1801;1810;1812;1813;3863;1817;3865;5913;5921;5923;1834;1837;1839;3892;3893;1849;1856;5955;1861;5957;3914;5969;5977;5978;3932;1886;3945;1912;3961;1914;3964;1917;1922;6033;6036;6038;3992;6050;6052;4010;4022;1975;1979;1980;1991;1995;6092;2001;2003;2004;4059;6111;6113;2025;2026;2039;6137;6138;6140
stepped	641;3;1604;1763;5061;6888;1387;6092;5517;950;2742;4376
harassing	3;469
muttawain	3
policenot	3
western	3;5641;1046;4121;7195;5151;3617;40;3117;5166;5680;3121;5175;2106;1084;2623;4166;2632;592;4696;7273;7283;3702;1147;4731;1659;3197;1672;6797;6295;4248;6816;161;7332;2225;3772;7360;2246;2760;2763;1229;3283;1236;1241;5338;2273;1763;4840;746;5354;6379;1773;7410;5370;774;4884;1814;5417;5929;7468;5933;4399;822;1849;4931;6983;6472;841;1357;334;5465;6489;5475;1908;6526;2945;1427;1944;1438;1950;3487;3999;945;6592;2500;3023;7120;6110;994;4578;4580;2545;3569;6644;6136
veiled	2856;7370;3;5676
stupid	6144;3;5128;3598;6678;1575;41;553;5164;1585;5682;51;2614;567;59;61;1086;7245;6735;2142;1637;4199;4713;1648;2166;5758;641;6791;4748;654;2703;6288;7312;6291;1181;5789;161;5801;176;6841;186;1732;7373;5327;6353;1236;1761;5870;6896;6393;7419;6914;4868;1798;1799;3848;1294;2322;6935;2840;2842;3886;310;4920;1856;3907;4423;3914;3414;5465;864;7020;4470;4983;960;6592;964;4036;4552;2507;3020;462;1489;3538;4561;6101;472;1501;7143;2033;7157;3578
imo	3;2567;3853;2070;5782;4773;2726;2218;5294;5942;960;5061;4295;7241;7500;2766;3150;3800;5851;5728;5091;6248;2922;6763;892
sends	3;2196;6165;6174;543;3491;5156;6325;5945;6080;4423;5328;2515;3539;3543;2782;2795;6895;2545;6773;6137
wrong	3;6147;2058;6155;2063;6161;4114;2070;28;30;2088;6190;56;2113;2115;73;76;4175;95;99;4199;4208;6262;4231;6281;6282;6294;151;6298;6308;2213;169;6314;2222;2225;2231;2233;191;4290;4299;2258;4308;230;6381;2293;4343;254;2302;6407;266;267;4363;2328;6425;4383;6433;6435;298;2349;4399;6454;4412;2367;6464;325;2374;328;6473;4428;4430;2386;2389;2391;2393;4442;347;4446;351;354;4470;2431;4480;6543;4501;2469;2470;6567;6573;436;2490;2492;6591;4544;2499;6595;471;2520;474;4572;6623;4577;2534;487;4605;4607;2560;520;2572;6671;2593;6695;2600;2601;2605;561;6706;6707;2614;2620;4668;581;6725;584;6732;590;2645;6763;2668;4729;2687;641;4742;2705;4757;2713;4762;2715;4771;4775;692;6838;6846;4801;4807;4817;2794;4843;748;6894;6905;6908;4871;6922;779;4876;6925;782;6932;790;4889;4896;4899;6950;808;6952;4909;6959;2876;2881;6981;6983;6993;2905;860;868;2916;872;7019;2924;4978;7035;7037;2946;4994;2951;904;7047;5002;5003;7058;7064;2970;7074;2980;933;7086;3013;7110;3018;5071;7128;7150;3059;7162;7165;5127;5128;3087;7187;3093;3096;5149;7197;7208;1066;7217;5170;7220;7223;7224;1086;5186;1096;5193;5199;1109;5209;1114;3162;3164;5228;3184;5237;7288;7291;3197;5263;1169;5272;1181;5284;1190;1194;7339;1202;5301;3257;1213;1223;7367;5322;7370;5327;3283;7420;7421;1283;5387;5397;3361;7457;5413;1322;5442;5446;7517;1375;5483;5485;5486;3441;5505;3461;5513;5514;3478;5526;5528;5529;5530;5533;5534;3498;5552;5558;3516;3519;3523;1486;3538;5587;5588;5589;5603;3560;1515;1522;1529;3579;5638;3613;1572;1600;5714;5719;1625;1634;1636;3684;3696;5749;1672;1681;3731;5793;5813;3790;5851;3808;3812;3828;5889;3848;3852;1805;3855;3884;1839;1847;1849;5954;1861;3911;3961;3964;6024;6027;6043;4000;4009;4019;4022;6080;1994;2004;6108;2014;6111;2033;6137
signals	3;6532;1029;4745;3341;4245;2970;3869;6431;1702;6054;553;2347;6575;4283;4031;961;3393;709;6213;4295;4552;2559;5328;212;1243;7273;2037;4095
morality	3;5496;2951;14;6164;3478;5272;3995;1314;1063;1447;7079;3755;302;2222;6580;3766;6838;2620;2237;2110;3516;5183;6526;7364;3783;6983;5193;3788;4175;3408;7165;2904;3162;4442;4577;994;1634;5858;872;5996;2033;3441;1012;2807;3704;3068;4605;3198
cracked	3740;3;7247;2772;1815;1626;4251;1212;2970
homebased	3
expartiate	3
gatherings	3064;3
posted	2560;6657;3;5;1030;2567;4102;4105;5641;6159;6672;2068;533;1046;4118;5148;31;7199;2593;35;5161;3626;6188;7213;3121;3639;3128;57;4153;6203;7226;3133;1086;1087;4162;2627;2117;7237;7239;1612;6733;3663;5199;2641;6228;2645;4693;3671;7253;2650;2139;2140;3678;1123;2667;3693;5746;2681;1152;4736;5252;4741;134;135;2700;2701;1169;3219;6806;6295;5272;4253;5789;4256;4769;1699;6308;7333;4776;5303;201;5322;2774;5334;6888;7402;6380;6895;4849;1778;6905;6396;2816;4353;4865;4355;5893;775;2313;3341;6419;1303;5913;6938;4893;7454;6433;6435;1831;5928;5929;1839;3380;1333;3893;1849;4409;5440;321;7489;5958;4423;6470;4428;4430;847;7505;7507;3927;2392;5465;346;2907;5977;2398;865;4962;357;4966;2925;2935;6534;3471;912;4496;5524;927;2479;4533;6072;3001;1979;5051;3517;446;447;7103;962;5060;6597;6601;3018;7113;6610;2008;3035;1500;481;5098;7147;1519;2545;7153;6644;3063;6137
rewards	3;4884;6325
governmentowned	3
newspapers	4290;3;5186;2214;6022;2760;5338;6025;6186;7374;2225;2545;403;692;5978;5050;4987;3837
offering	1793;3;131;1683;1046;4760;6680;2970;923;2594;7074;4649;7338;3374;7346;2358;5942;4546;460;3408;3030;4696;6620;734;2403;2686
